"chromosome" "v" "D" "refractory_period_prop_cohort_alive" "sex_expressed" "dominance" "Starting_pop_size" "baseline_mean_lifespan" "f" "refractory_period" "mutation_time" "time_end" "parameter_space_ID" "mutation_events"
"1" "C" 0.004 -0.165 0 0 1 4000 1 5 Inf 5 1000 809 5
"2" "C" 0.04 -0.78375 0 1 1 4000 1 5 Inf 5 1000 890 5
"3" "C" 0.04 -0.94875 0 1 1 4000 1 5 Inf 5 1000 898 5
"4" "C" 0.04 -0.94875 0 0 1 4000 1 5 Inf 5 1000 897 5
"5" "C" 0.004 -0.70125 0 0 1 4000 1 5 Inf 5 1000 835 5
"6" "C" 0.004 -0.04125 0 0 1 4000 1 5 Inf 5 1000 803 5
"7" "C" 0.04 0 0 1 1 4000 1 5 Inf 5 1000 852 5
"8" "C" 0.04 -0.45375 0 0 1 4000 1 5 Inf 5 1000 873 5
"9" "C" 0.04 -0.04125 0 0 1 4000 1 5 Inf 5 1000 853 5
"10" "C" 0.004 -0.495 0 1 1 4000 1 5 Inf 5 1000 826 5
"11" "C" 0.04 -0.70125 0 0 1 4000 1 5 Inf 5 1000 885 5
"12" "C" 0.004 -0.165 0 1 1 4000 1 5 Inf 5 1000 810 5
"13" "C" 0.04 -0.0825 0 1 1 4000 1 5 Inf 5 1000 856 5
"14" "C" 0.004 -0.04125 0 1 1 4000 1 5 Inf 5 1000 804 5
"15" "C" 0.04 -0.12375 0 1 1 4000 1 5 Inf 5 1000 858 5
"16" "C" 0.04 -0.37125 0 0 1 4000 1 5 Inf 5 1000 869 5
"17" "C" 0.04 -0.28875 0 0 1 4000 1 5 Inf 5 1000 865 5
"18" "C" 0.04 -0.86625 0 1 1 4000 1 5 Inf 5 1000 894 5
"19" "C" 0.04 -0.99 0 0 1 4000 1 5 Inf 5 1000 899 5
"20" "C" 0.04 -0.86625 0 0 1 4000 1 5 Inf 5 1000 893 5
"21" "C" 0.04 -0.9075 0 1 1 4000 1 5 Inf 5 1000 896 5
"22" "C" 0.004 -0.0825 0 0 1 4000 1 5 Inf 5 1000 805 5
"23" "C" 0.004 -0.4125 0 0 1 4000 1 5 Inf 5 1000 821 5
"24" "C" 0.004 -0.33 0 0 1 4000 1 5 Inf 5 1000 817 5
"25" "C" 0.04 -0.66 0 0 1 4000 1 5 Inf 5 1000 883 5
"26" "C" 0.004 -0.2475 0 0 1 4000 1 5 Inf 5 1000 813 5
"27" "C" 0.004 -0.4125 0 1 1 4000 1 5 Inf 5 1000 822 5
"28" "C" 0.004 -0.53625 0 1 1 4000 1 5 Inf 5 1000 828 5
"29" "C" 0.04 -0.495 0 1 1 4000 1 5 Inf 5 1000 876 5
"30" "C" 0.004 -0.9075 0 0 1 4000 1 5 Inf 5 1000 845 5
"31" "C" 0.004 -0.53625 0 0 1 4000 1 5 Inf 5 1000 827 5
"32" "C" 0.04 -0.53625 0 1 1 4000 1 5 Inf 5 1000 878 5
"33" "C" 0.004 -0.7425 0 1 1 4000 1 5 Inf 5 1000 838 5
"34" "C" 0.004 -0.99 0 1 1 4000 1 5 Inf 5 1000 850 5
"35" "C" 0.004 -0.78375 0 1 1 4000 1 5 Inf 5 1000 840 5
"36" "C" 0.04 -0.7425 0 0 1 4000 1 5 Inf 5 1000 887 5
"37" "C" 0.004 -0.45375 0 1 1 4000 1 5 Inf 5 1000 824 5
"38" "C" 0.04 -0.825 0 1 1 4000 1 5 Inf 5 1000 892 5
"39" "C" 0.04 -0.33 0 1 1 4000 1 5 Inf 5 1000 868 5
"40" "C" 0.04 0 0 0 1 4000 1 5 Inf 5 1000 851 5
"41" "C" 0.004 -0.2475 0 1 1 4000 1 5 Inf 5 1000 814 5
"42" "C" 0.04 -0.2475 0 1 1 4000 1 5 Inf 5 1000 864 5
"43" "C" 0.04 -0.33 0 0 1 4000 1 5 Inf 5 1000 867 5
"44" "C" 0.004 -0.12375 0 0 1 4000 1 5 Inf 5 1000 807 5
"45" "C" 0.004 -0.86625 0 1 1 4000 1 5 Inf 5 1000 844 5
"46" "C" 0.04 -0.2475 0 0 1 4000 1 5 Inf 5 1000 863 5
"47" "C" 0.004 -0.94875 0 0 1 4000 1 5 Inf 5 1000 847 5
"48" "C" 0.04 -0.61875 0 1 1 4000 1 5 Inf 5 1000 882 5
"49" "C" 0.004 -0.9075 0 1 1 4000 1 5 Inf 5 1000 846 5
"50" "C" 0.04 -0.99 0 1 1 4000 1 5 Inf 5 1000 900 5
"51" "C" 0.004 -0.66 0 1 1 4000 1 5 Inf 5 1000 834 5
"52" "C" 0.04 -0.4125 0 1 1 4000 1 5 Inf 5 1000 872 5
"53" "C" 0.004 -0.7425 0 0 1 4000 1 5 Inf 5 1000 837 5
"54" "C" 0.004 0 0 0 1 4000 1 5 Inf 5 1000 801 5
"55" "C" 0.004 -0.61875 0 0 1 4000 1 5 Inf 5 1000 831 5
"56" "C" 0.004 -0.495 0 0 1 4000 1 5 Inf 5 1000 825 5
"57" "C" 0.004 -0.45375 0 0 1 4000 1 5 Inf 5 1000 823 5
"58" "C" 0.04 -0.28875 0 1 1 4000 1 5 Inf 5 1000 866 5
"59" "C" 0.04 -0.78375 0 0 1 4000 1 5 Inf 5 1000 889 5
"60" "C" 0.004 -0.28875 0 0 1 4000 1 5 Inf 5 1000 815 5
"61" "C" 0.04 -0.53625 0 0 1 4000 1 5 Inf 5 1000 877 5
"62" "C" 0.04 -0.20625 0 1 1 4000 1 5 Inf 5 1000 862 5
"63" "C" 0.04 -0.5775 0 0 1 4000 1 5 Inf 5 1000 879 5
"64" "C" 0.004 -0.33 0 1 1 4000 1 5 Inf 5 1000 818 5
"65" "C" 0.04 -0.9075 0 0 1 4000 1 5 Inf 5 1000 895 5
"66" "C" 0.04 -0.37125 0 1 1 4000 1 5 Inf 5 1000 870 5
"67" "C" 0.004 -0.12375 0 1 1 4000 1 5 Inf 5 1000 808 5
"68" "C" 0.004 -0.20625 0 1 1 4000 1 5 Inf 5 1000 812 5
"69" "C" 0.004 -0.0825 0 1 1 4000 1 5 Inf 5 1000 806 5
"70" "C" 0.004 -0.37125 0 1 1 4000 1 5 Inf 5 1000 820 5
"71" "C" 0.004 -0.66 0 0 1 4000 1 5 Inf 5 1000 833 5
"72" "C" 0.004 -0.825 0 1 1 4000 1 5 Inf 5 1000 842 5
"73" "C" 0.04 -0.495 0 0 1 4000 1 5 Inf 5 1000 875 5
"74" "C" 0.04 -0.61875 0 0 1 4000 1 5 Inf 5 1000 881 5
"75" "C" 0.04 -0.70125 0 1 1 4000 1 5 Inf 5 1000 886 5
"76" "C" 0.04 -0.12375 0 0 1 4000 1 5 Inf 5 1000 857 5
"77" "C" 0.004 -0.86625 0 0 1 4000 1 5 Inf 5 1000 843 5
"78" "C" 0.04 -0.5775 0 1 1 4000 1 5 Inf 5 1000 880 5
"79" "C" 0.004 -0.78375 0 0 1 4000 1 5 Inf 5 1000 839 5
"80" "C" 0.04 -0.7425 0 1 1 4000 1 5 Inf 5 1000 888 5
"81" "C" 0.04 -0.165 0 1 1 4000 1 5 Inf 5 1000 860 5
"82" "C" 0.04 -0.66 0 1 1 4000 1 5 Inf 5 1000 884 5
"83" "C" 0.004 -0.70125 0 1 1 4000 1 5 Inf 5 1000 836 5
"84" "C" 0.04 -0.0825 0 0 1 4000 1 5 Inf 5 1000 855 5
"85" "C" 0.004 -0.20625 0 0 1 4000 1 5 Inf 5 1000 811 5
"86" "C" 0.04 -0.4125 0 0 1 4000 1 5 Inf 5 1000 871 5
"87" "C" 0.004 -0.28875 0 1 1 4000 1 5 Inf 5 1000 816 5
"88" "C" 0.004 -0.5775 0 0 1 4000 1 5 Inf 5 1000 829 5
"89" "C" 0.004 -0.37125 0 0 1 4000 1 5 Inf 5 1000 819 5
"90" "C" 0.004 -0.99 0 0 1 4000 1 5 Inf 5 1000 849 5
"91" "C" 0.004 -0.825 0 0 1 4000 1 5 Inf 5 1000 841 5
"92" "C" 0.04 -0.04125 0 1 1 4000 1 5 Inf 5 1000 854 5
"93" "C" 0.004 -0.5775 0 1 1 4000 1 5 Inf 5 1000 830 5
"94" "C" 0.004 -0.61875 0 1 1 4000 1 5 Inf 5 1000 832 5
"95" "C" 0.004 -0.94875 0 1 1 4000 1 5 Inf 5 1000 848 5
"96" "C" 0.04 -0.825 0 0 1 4000 1 5 Inf 5 1000 891 5
"97" "C" 0.004 0 0 1 1 4000 1 5 Inf 5 1000 802 5
"98" "C" 0.04 -0.20625 0 0 1 4000 1 5 Inf 5 1000 861 5
"99" "C" 0.04 -0.45375 0 1 1 4000 1 5 Inf 5 1000 874 5
"100" "C" 0.04 -0.165 0 0 1 4000 1 5 Inf 5 1000 859 5
