"chromosome" "v" "D" "refractory_period_prop_cohort_alive" "sex_expressed" "dominance" "Starting_pop_size" "baseline_mean_lifespan" "f" "refractory_period" "mutation_time" "time_end" "parameter_space_ID" "mutation_events"
"1" "W" 0.02 -0.4125 0.0925 1 1 8000 1 5 2.38054663446376 5 1000 19628 5
"2" "W" 0.002 -0.4125 0.46375 1 1 8000 1 5 0.768409665060492 5 1000 19012 5
"3" "W" 0.02 -0.45375 0.87625 1 1 8000 1 5 0.132103840633337 5 1000 19672 5
"4" "W" 0.02 -0.20625 0.21625 1 1 8000 1 5 1.53132013317015 5 1000 19506 5
"5" "W" 0.002 -0.66 0.4225 1 1 8000 1 5 0.861565832184908 5 1000 19161 5
"6" "W" 0.002 -0.4125 0.505 1 1 8000 1 5 0.683196849706777 5 1000 19013 5
"7" "W" 0.002 -0.2475 0.38125 1 1 8000 1 5 0.964299951060516 5 1000 18910 5
"8" "W" 0.02 -0.9075 0.67 1 1 8000 1 5 0.400477566597125 5 1000 19942 5
"9" "W" 0.02 0 0.71125 1 1 8000 1 5 0.340731293541596 5 1000 19393 5
"10" "W" 0.02 -0.94875 0.67 1 1 8000 1 5 0.400477566597125 5 1000 19967 5
"11" "W" 0.002 -0.9075 0.62875 1 1 8000 1 5 0.464021557568188 5 1000 19316 5
"12" "W" 0.002 -0.99 1 1 1 8000 1 5 0 5 1000 19375 5
"13" "W" 0.02 -0.94875 0.29875 1 1 8000 1 5 1.20814817573642 5 1000 19958 5
"14" "W" 0.02 -0.37125 0.38125 1 1 8000 1 5 0.964299951060516 5 1000 19610 5
"15" "W" 0.002 -0.7425 0.0925 1 1 8000 1 5 2.38054663446376 5 1000 19203 5
"16" "W" 0.002 -0.45375 0.835 1 1 8000 1 5 0.180323554131281 5 1000 19046 5
"17" "W" 0.02 -0.7425 0.05125 1 1 8000 1 5 2.97103966096362 5 1000 19827 5
"18" "W" 0.002 -0.825 0.01 1 1 8000 1 5 4.60517018598809 5 1000 19251 5
"19" "W" 0.002 -0.20625 0.01 1 1 8000 1 5 4.60517018598809 5 1000 18876 5
"20" "W" 0.02 -0.28875 0.505 1 1 8000 1 5 0.683196849706777 5 1000 19563 5
"21" "W" 0.02 -0.2475 0.79375 1 1 8000 1 5 0.230986728775236 5 1000 19545 5
"22" "W" 0.002 0 0.71125 1 1 8000 1 5 0.340731293541596 5 1000 18768 5
"23" "W" 0.002 -0.94875 0.13375 1 1 8000 1 5 2.01178289320602 5 1000 19329 5
"24" "W" 0.02 -0.37125 0.21625 1 1 8000 1 5 1.53132013317015 5 1000 19606 5
"25" "W" 0.02 -0.0825 0.87625 1 1 8000 1 5 0.132103840633337 5 1000 19447 5
"26" "W" 0.002 -0.61875 0.0925 1 1 8000 1 5 2.38054663446376 5 1000 19128 5
"27" "W" 0.002 -0.33 0.05125 1 1 8000 1 5 2.97103966096362 5 1000 18952 5
"28" "W" 0.02 0 0.2575 1 1 8000 1 5 1.35673555887835 5 1000 19382 5
"29" "W" 0.002 -0.78375 0.54625 1 1 8000 1 5 0.604678532572337 5 1000 19239 5
"30" "W" 0.002 -0.61875 1 1 1 8000 1 5 0 5 1000 19150 5
"31" "W" 0.02 -0.2475 0.95875 1 1 8000 1 5 0.042124926300671 5 1000 19549 5
"32" "W" 0.02 -0.99 0.29875 1 1 8000 1 5 1.20814817573642 5 1000 19983 5
"33" "W" 0.02 -0.86625 0.46375 1 1 8000 1 5 0.768409665060492 5 1000 19912 5
"34" "W" 0.002 -0.4125 0.38125 1 1 8000 1 5 0.964299951060516 5 1000 19010 5
"35" "W" 0.002 -0.825 0.7525 1 1 8000 1 5 0.284354282359106 5 1000 19269 5
"36" "W" 0.02 -0.33 0.175 1 1 8000 1 5 1.74296930505862 5 1000 19580 5
"37" "W" 0.02 -0.165 0.13375 1 1 8000 1 5 2.01178289320602 5 1000 19479 5
"38" "W" 0.02 -0.0825 0.175 1 1 8000 1 5 1.74296930505862 5 1000 19430 5
"39" "W" 0.002 -0.61875 0.2575 1 1 8000 1 5 1.35673555887835 5 1000 19132 5
"40" "W" 0.02 -0.0825 0.21625 1 1 8000 1 5 1.53132013317015 5 1000 19431 5
"41" "W" 0.002 -0.165 0.62875 1 1 8000 1 5 0.464021557568188 5 1000 18866 5
"42" "W" 0.02 -0.0825 0.05125 1 1 8000 1 5 2.97103966096362 5 1000 19427 5
"43" "W" 0.02 0 0.175 1 1 8000 1 5 1.74296930505862 5 1000 19380 5
"44" "W" 0.002 -0.37125 0.7525 1 1 8000 1 5 0.284354282359106 5 1000 18994 5
"45" "W" 0.002 -0.94875 0.2575 1 1 8000 1 5 1.35673555887835 5 1000 19332 5
"46" "W" 0.002 -0.66 0.5875 1 1 8000 1 5 0.531879032963823 5 1000 19165 5
"47" "W" 0.02 -0.4125 0.46375 1 1 8000 1 5 0.768409665060492 5 1000 19637 5
"48" "W" 0.02 -0.2475 0.87625 1 1 8000 1 5 0.132103840633337 5 1000 19547 5
"49" "W" 0.002 -0.37125 0.4225 1 1 8000 1 5 0.861565832184908 5 1000 18986 5
"50" "W" 0.02 -0.12375 0.05125 1 1 8000 1 5 2.97103966096362 5 1000 19452 5
"51" "W" 0.002 -0.5775 0.835 1 1 8000 1 5 0.180323554131281 5 1000 19121 5
"52" "W" 0.002 -0.45375 0.79375 1 1 8000 1 5 0.230986728775236 5 1000 19045 5
"53" "W" 0.002 -0.04125 0.835 1 1 8000 1 5 0.180323554131281 5 1000 18796 5
"54" "W" 0.002 -0.61875 0.835 1 1 8000 1 5 0.180323554131281 5 1000 19146 5
"55" "W" 0.002 -0.5775 0.95875 1 1 8000 1 5 0.042124926300671 5 1000 19124 5
"56" "W" 0.002 -0.825 0.46375 1 1 8000 1 5 0.768409665060492 5 1000 19262 5
"57" "W" 0.002 -0.12375 0.46375 1 1 8000 1 5 0.768409665060492 5 1000 18837 5
"58" "W" 0.002 -0.20625 0.54625 1 1 8000 1 5 0.604678532572337 5 1000 18889 5
"59" "W" 0.002 -0.495 0.54625 1 1 8000 1 5 0.604678532572337 5 1000 19064 5
"60" "W" 0.002 -0.5775 0.0925 1 1 8000 1 5 2.38054663446376 5 1000 19103 5
"61" "W" 0.002 -0.5775 0.87625 1 1 8000 1 5 0.132103840633337 5 1000 19122 5
"62" "W" 0.02 -0.825 0.95875 1 1 8000 1 5 0.042124926300671 5 1000 19899 5
"63" "W" 0.002 -0.33 0.2575 1 1 8000 1 5 1.35673555887835 5 1000 18957 5
"64" "W" 0.002 -0.9075 0.2575 1 1 8000 1 5 1.35673555887835 5 1000 19307 5
"65" "W" 0.002 -0.99 0.29875 1 1 8000 1 5 1.20814817573642 5 1000 19358 5
"66" "W" 0.002 -0.7425 0.505 1 1 8000 1 5 0.683196849706777 5 1000 19213 5
"67" "W" 0.002 -0.45375 0.175 1 1 8000 1 5 1.74296930505862 5 1000 19030 5
"68" "W" 0.02 -0.20625 0.62875 1 1 8000 1 5 0.464021557568188 5 1000 19516 5
"69" "W" 0.002 -0.70125 0.5875 1 1 8000 1 5 0.531879032963823 5 1000 19190 5
"70" "W" 0.002 -0.825 0.505 1 1 8000 1 5 0.683196849706777 5 1000 19263 5
"71" "W" 0.02 -0.04125 0.87625 1 1 8000 1 5 0.132103840633337 5 1000 19422 5
"72" "W" 0.02 -0.0825 0.79375 1 1 8000 1 5 0.230986728775236 5 1000 19445 5
"73" "W" 0.002 -0.04125 0.7525 1 1 8000 1 5 0.284354282359106 5 1000 18794 5
"74" "W" 0.002 0 0.95875 1 1 8000 1 5 0.042124926300671 5 1000 18774 5
"75" "W" 0.02 -0.66 1 1 1 8000 1 5 0 5 1000 19800 5
"76" "W" 0.02 -0.165 1 1 1 8000 1 5 0 5 1000 19500 5
"77" "W" 0.02 -0.2475 0.38125 1 1 8000 1 5 0.964299951060516 5 1000 19535 5
"78" "W" 0.002 -0.99 0.05125 1 1 8000 1 5 2.97103966096362 5 1000 19352 5
"79" "W" 0.02 -0.99 0.0925 1 1 8000 1 5 2.38054663446376 5 1000 19978 5
"80" "W" 0.02 -0.78375 0.505 1 1 8000 1 5 0.683196849706777 5 1000 19863 5
"81" "W" 0.02 -0.45375 0.34 1 1 8000 1 5 1.07880966137193 5 1000 19659 5
"82" "W" 0.002 -0.66 0.21625 1 1 8000 1 5 1.53132013317015 5 1000 19156 5
"83" "W" 0.02 -0.61875 1 1 1 8000 1 5 0 5 1000 19775 5
"84" "W" 0.002 -0.37125 0.21625 1 1 8000 1 5 1.53132013317015 5 1000 18981 5
"85" "W" 0.02 -0.04125 0.9175 1 1 8000 1 5 0.0861026990534116 5 1000 19423 5
"86" "W" 0.002 -0.33 0.95875 1 1 8000 1 5 0.042124926300671 5 1000 18974 5
"87" "W" 0.002 -0.9075 0.87625 1 1 8000 1 5 0.132103840633337 5 1000 19322 5
"88" "W" 0.02 -0.94875 0.46375 1 1 8000 1 5 0.768409665060492 5 1000 19962 5
"89" "W" 0.02 -0.2475 0.175 1 1 8000 1 5 1.74296930505862 5 1000 19530 5
"90" "W" 0.02 0 0.0925 1 1 8000 1 5 2.38054663446376 5 1000 19378 5
"91" "W" 0.002 -0.7425 0.7525 1 1 8000 1 5 0.284354282359106 5 1000 19219 5
"92" "W" 0.02 0 0.13375 1 1 8000 1 5 2.01178289320602 5 1000 19379 5
"93" "W" 0.002 -0.4125 0.21625 1 1 8000 1 5 1.53132013317015 5 1000 19006 5
"94" "W" 0.002 -0.9075 0.79375 1 1 8000 1 5 0.230986728775236 5 1000 19320 5
"95" "W" 0.02 -0.78375 0.46375 1 1 8000 1 5 0.768409665060492 5 1000 19862 5
"96" "W" 0.02 -0.495 0.62875 1 1 8000 1 5 0.464021557568188 5 1000 19691 5
"97" "W" 0.002 -0.45375 0.29875 1 1 8000 1 5 1.20814817573642 5 1000 19033 5
"98" "W" 0.002 -0.33 0.67 1 1 8000 1 5 0.400477566597125 5 1000 18967 5
"99" "W" 0.02 -0.53625 0.505 1 1 8000 1 5 0.683196849706777 5 1000 19713 5
"100" "W" 0.002 -0.9075 0.01 1 1 8000 1 5 4.60517018598809 5 1000 19301 5
"101" "W" 0.002 -0.66 0.95875 1 1 8000 1 5 0.042124926300671 5 1000 19174 5
"102" "W" 0.002 -0.4125 0.13375 1 1 8000 1 5 2.01178289320602 5 1000 19004 5
"103" "W" 0.002 0 0.05125 1 1 8000 1 5 2.97103966096362 5 1000 18752 5
"104" "W" 0.002 -0.495 0.29875 1 1 8000 1 5 1.20814817573642 5 1000 19058 5
"105" "W" 0.02 -0.70125 0.34 1 1 8000 1 5 1.07880966137193 5 1000 19809 5
"106" "W" 0.02 -0.20625 1 1 1 8000 1 5 0 5 1000 19525 5
"107" "W" 0.002 -0.12375 0.71125 1 1 8000 1 5 0.340731293541596 5 1000 18843 5
"108" "W" 0.002 -0.70125 0.9175 1 1 8000 1 5 0.0861026990534116 5 1000 19198 5
"109" "W" 0.002 -0.45375 0.5875 1 1 8000 1 5 0.531879032963823 5 1000 19040 5
"110" "W" 0.002 -0.5775 0.21625 1 1 8000 1 5 1.53132013317015 5 1000 19106 5
"111" "W" 0.002 -0.20625 0.5875 1 1 8000 1 5 0.531879032963823 5 1000 18890 5
"112" "W" 0.002 -0.28875 0.67 1 1 8000 1 5 0.400477566597125 5 1000 18942 5
"113" "W" 0.02 -0.61875 0.0925 1 1 8000 1 5 2.38054663446376 5 1000 19753 5
"114" "W" 0.002 -0.825 0.87625 1 1 8000 1 5 0.132103840633337 5 1000 19272 5
"115" "W" 0.002 -0.37125 0.54625 1 1 8000 1 5 0.604678532572337 5 1000 18989 5
"116" "W" 0.02 -0.28875 0.9175 1 1 8000 1 5 0.0861026990534116 5 1000 19573 5
"117" "W" 0.02 -0.53625 0.46375 1 1 8000 1 5 0.768409665060492 5 1000 19712 5
"118" "W" 0.002 -0.5775 0.13375 1 1 8000 1 5 2.01178289320602 5 1000 19104 5
"119" "W" 0.02 -0.04125 0.29875 1 1 8000 1 5 1.20814817573642 5 1000 19408 5
"120" "W" 0.02 -0.4125 0.62875 1 1 8000 1 5 0.464021557568188 5 1000 19641 5
"121" "W" 0.02 -0.28875 0.4225 1 1 8000 1 5 0.861565832184908 5 1000 19561 5
"122" "W" 0.002 -0.37125 0.79375 1 1 8000 1 5 0.230986728775236 5 1000 18995 5
"123" "W" 0.002 -0.99 0.87625 1 1 8000 1 5 0.132103840633337 5 1000 19372 5
"124" "W" 0.02 -0.45375 0.835 1 1 8000 1 5 0.180323554131281 5 1000 19671 5
"125" "W" 0.002 -0.4125 0.9175 1 1 8000 1 5 0.0861026990534116 5 1000 19023 5
"126" "W" 0.002 -0.66 0.46375 1 1 8000 1 5 0.768409665060492 5 1000 19162 5
"127" "W" 0.002 -0.70125 0.87625 1 1 8000 1 5 0.132103840633337 5 1000 19197 5
"128" "W" 0.02 -0.86625 0.87625 1 1 8000 1 5 0.132103840633337 5 1000 19922 5
"129" "W" 0.002 -0.33 0.505 1 1 8000 1 5 0.683196849706777 5 1000 18963 5
"130" "W" 0.002 -0.37125 0.46375 1 1 8000 1 5 0.768409665060492 5 1000 18987 5
"131" "W" 0.002 -0.5775 0.29875 1 1 8000 1 5 1.20814817573642 5 1000 19108 5
"132" "W" 0.002 -0.70125 0.38125 1 1 8000 1 5 0.964299951060516 5 1000 19185 5
"133" "W" 0.02 -0.825 0.4225 1 1 8000 1 5 0.861565832184908 5 1000 19886 5
"134" "W" 0.002 -0.2475 0.54625 1 1 8000 1 5 0.604678532572337 5 1000 18914 5
"135" "W" 0.02 -0.495 0.87625 1 1 8000 1 5 0.132103840633337 5 1000 19697 5
"136" "W" 0.002 -0.2475 0.175 1 1 8000 1 5 1.74296930505862 5 1000 18905 5
"137" "W" 0.02 -0.04125 1 1 1 8000 1 5 0 5 1000 19425 5
"138" "W" 0.02 -0.37125 0.95875 1 1 8000 1 5 0.042124926300671 5 1000 19624 5
"139" "W" 0.02 -0.78375 0.7525 1 1 8000 1 5 0.284354282359106 5 1000 19869 5
"140" "W" 0.02 -0.94875 1 1 1 8000 1 5 0 5 1000 19975 5
"141" "W" 0.02 -0.2475 0.62875 1 1 8000 1 5 0.464021557568188 5 1000 19541 5
"142" "W" 0.02 -0.495 0.67 1 1 8000 1 5 0.400477566597125 5 1000 19692 5
"143" "W" 0.02 -0.45375 0.46375 1 1 8000 1 5 0.768409665060492 5 1000 19662 5
"144" "W" 0.02 -0.7425 0.21625 1 1 8000 1 5 1.53132013317015 5 1000 19831 5
"145" "W" 0.02 -0.78375 1 1 1 8000 1 5 0 5 1000 19875 5
"146" "W" 0.002 -0.66 0.29875 1 1 8000 1 5 1.20814817573642 5 1000 19158 5
"147" "W" 0.002 -0.99 0.5875 1 1 8000 1 5 0.531879032963823 5 1000 19365 5
"148" "W" 0.002 -0.99 0.46375 1 1 8000 1 5 0.768409665060492 5 1000 19362 5
"149" "W" 0.02 -0.33 0.5875 1 1 8000 1 5 0.531879032963823 5 1000 19590 5
"150" "W" 0.002 -0.2475 0.87625 1 1 8000 1 5 0.132103840633337 5 1000 18922 5
"151" "W" 0.002 -0.66 0.13375 1 1 8000 1 5 2.01178289320602 5 1000 19154 5
"152" "W" 0.02 -0.33 0.2575 1 1 8000 1 5 1.35673555887835 5 1000 19582 5
"153" "W" 0.002 -0.04125 0.62875 1 1 8000 1 5 0.464021557568188 5 1000 18791 5
"154" "W" 0.02 -0.78375 0.34 1 1 8000 1 5 1.07880966137193 5 1000 19859 5
"155" "W" 0.002 -0.94875 0.87625 1 1 8000 1 5 0.132103840633337 5 1000 19347 5
"156" "W" 0.02 -0.53625 0.13375 1 1 8000 1 5 2.01178289320602 5 1000 19704 5
"157" "W" 0.02 -0.495 0.5875 1 1 8000 1 5 0.531879032963823 5 1000 19690 5
"158" "W" 0.002 -0.94875 0.46375 1 1 8000 1 5 0.768409665060492 5 1000 19337 5
"159" "W" 0.002 -0.45375 0.67 1 1 8000 1 5 0.400477566597125 5 1000 19042 5
"160" "W" 0.02 -0.20625 0.2575 1 1 8000 1 5 1.35673555887835 5 1000 19507 5
"161" "W" 0.002 -0.7425 0.71125 1 1 8000 1 5 0.340731293541596 5 1000 19218 5
"162" "W" 0.002 -0.0825 0.46375 1 1 8000 1 5 0.768409665060492 5 1000 18812 5
"163" "W" 0.002 -0.12375 0.79375 1 1 8000 1 5 0.230986728775236 5 1000 18845 5
"164" "W" 0.02 -0.33 0.87625 1 1 8000 1 5 0.132103840633337 5 1000 19597 5
"165" "W" 0.002 -0.20625 0.835 1 1 8000 1 5 0.180323554131281 5 1000 18896 5
"166" "W" 0.002 -0.4125 0.5875 1 1 8000 1 5 0.531879032963823 5 1000 19015 5
"167" "W" 0.002 -0.70125 0.2575 1 1 8000 1 5 1.35673555887835 5 1000 19182 5
"168" "W" 0.002 -0.33 0.54625 1 1 8000 1 5 0.604678532572337 5 1000 18964 5
"169" "W" 0.02 -0.33 0.7525 1 1 8000 1 5 0.284354282359106 5 1000 19594 5
"170" "W" 0.002 -0.825 0.835 1 1 8000 1 5 0.180323554131281 5 1000 19271 5
"171" "W" 0.002 -0.70125 0.13375 1 1 8000 1 5 2.01178289320602 5 1000 19179 5
"172" "W" 0.02 -0.5775 1 1 1 8000 1 5 0 5 1000 19750 5
"173" "W" 0.002 -0.12375 0.835 1 1 8000 1 5 0.180323554131281 5 1000 18846 5
"174" "W" 0.002 -0.70125 0.54625 1 1 8000 1 5 0.604678532572337 5 1000 19189 5
"175" "W" 0.02 -0.825 0.21625 1 1 8000 1 5 1.53132013317015 5 1000 19881 5
"176" "W" 0.002 -0.12375 0.21625 1 1 8000 1 5 1.53132013317015 5 1000 18831 5
"177" "W" 0.02 -0.99 0.2575 1 1 8000 1 5 1.35673555887835 5 1000 19982 5
"178" "W" 0.02 -0.495 0.79375 1 1 8000 1 5 0.230986728775236 5 1000 19695 5
"179" "W" 0.002 -0.45375 0.71125 1 1 8000 1 5 0.340731293541596 5 1000 19043 5
"180" "W" 0.02 -0.0825 0.46375 1 1 8000 1 5 0.768409665060492 5 1000 19437 5
"181" "W" 0.002 -0.86625 1 1 1 8000 1 5 0 5 1000 19300 5
"182" "W" 0.002 -0.45375 0.2575 1 1 8000 1 5 1.35673555887835 5 1000 19032 5
"183" "W" 0.02 -0.5775 0.67 1 1 8000 1 5 0.400477566597125 5 1000 19742 5
"184" "W" 0.002 -0.9075 0.505 1 1 8000 1 5 0.683196849706777 5 1000 19313 5
"185" "W" 0.02 -0.99 0.71125 1 1 8000 1 5 0.340731293541596 5 1000 19993 5
"186" "W" 0.02 -0.20625 0.9175 1 1 8000 1 5 0.0861026990534116 5 1000 19523 5
"187" "W" 0.02 -0.66 0.67 1 1 8000 1 5 0.400477566597125 5 1000 19792 5
"188" "W" 0.002 0 0.34 1 1 8000 1 5 1.07880966137193 5 1000 18759 5
"189" "W" 0.02 -0.28875 0.7525 1 1 8000 1 5 0.284354282359106 5 1000 19569 5
"190" "W" 0.002 -0.165 0.175 1 1 8000 1 5 1.74296930505862 5 1000 18855 5
"191" "W" 0.02 -0.5775 0.505 1 1 8000 1 5 0.683196849706777 5 1000 19738 5
"192" "W" 0.002 -0.0825 0.29875 1 1 8000 1 5 1.20814817573642 5 1000 18808 5
"193" "W" 0.02 -0.28875 0.79375 1 1 8000 1 5 0.230986728775236 5 1000 19570 5
"194" "W" 0.002 -0.7425 0.835 1 1 8000 1 5 0.180323554131281 5 1000 19221 5
"195" "W" 0.02 -0.7425 0.0925 1 1 8000 1 5 2.38054663446376 5 1000 19828 5
"196" "W" 0.002 -0.165 0.54625 1 1 8000 1 5 0.604678532572337 5 1000 18864 5
"197" "W" 0.02 -0.78375 0.95875 1 1 8000 1 5 0.042124926300671 5 1000 19874 5
"198" "W" 0.002 -0.0825 0.01 1 1 8000 1 5 4.60517018598809 5 1000 18801 5
"199" "W" 0.02 -0.12375 0.34 1 1 8000 1 5 1.07880966137193 5 1000 19459 5
"200" "W" 0.02 -0.0825 0.505 1 1 8000 1 5 0.683196849706777 5 1000 19438 5
"201" "W" 0.02 -0.5775 0.87625 1 1 8000 1 5 0.132103840633337 5 1000 19747 5
"202" "W" 0.002 -0.825 1 1 1 8000 1 5 0 5 1000 19275 5
"203" "W" 0.02 -0.66 0.4225 1 1 8000 1 5 0.861565832184908 5 1000 19786 5
"204" "W" 0.002 -0.9075 0.34 1 1 8000 1 5 1.07880966137193 5 1000 19309 5
"205" "W" 0.002 -0.37125 0.835 1 1 8000 1 5 0.180323554131281 5 1000 18996 5
"206" "W" 0.02 -0.495 0.4225 1 1 8000 1 5 0.861565832184908 5 1000 19686 5
"207" "W" 0.02 -0.61875 0.67 1 1 8000 1 5 0.400477566597125 5 1000 19767 5
"208" "W" 0.02 -0.37125 0.505 1 1 8000 1 5 0.683196849706777 5 1000 19613 5
"209" "W" 0.002 -0.78375 0.01 1 1 8000 1 5 4.60517018598809 5 1000 19226 5
"210" "W" 0.002 -0.495 0.01 1 1 8000 1 5 4.60517018598809 5 1000 19051 5
"211" "W" 0.002 -0.04125 0.505 1 1 8000 1 5 0.683196849706777 5 1000 18788 5
"212" "W" 0.002 -0.61875 0.7525 1 1 8000 1 5 0.284354282359106 5 1000 19144 5
"213" "W" 0.02 -0.495 0.2575 1 1 8000 1 5 1.35673555887835 5 1000 19682 5
"214" "W" 0.002 -0.9075 0.835 1 1 8000 1 5 0.180323554131281 5 1000 19321 5
"215" "W" 0.002 -0.4125 0.71125 1 1 8000 1 5 0.340731293541596 5 1000 19018 5
"216" "W" 0.002 -0.7425 0.2575 1 1 8000 1 5 1.35673555887835 5 1000 19207 5
"217" "W" 0.02 0 0.87625 1 1 8000 1 5 0.132103840633337 5 1000 19397 5
"218" "W" 0.002 -0.2475 0.13375 1 1 8000 1 5 2.01178289320602 5 1000 18904 5
"219" "W" 0.02 -0.33 1 1 1 8000 1 5 0 5 1000 19600 5
"220" "W" 0.002 -0.28875 0.2575 1 1 8000 1 5 1.35673555887835 5 1000 18932 5
"221" "W" 0.002 0 0.62875 1 1 8000 1 5 0.464021557568188 5 1000 18766 5
"222" "W" 0.002 -0.28875 0.38125 1 1 8000 1 5 0.964299951060516 5 1000 18935 5
"223" "W" 0.02 -0.78375 0.29875 1 1 8000 1 5 1.20814817573642 5 1000 19858 5
"224" "W" 0.02 -0.495 0.71125 1 1 8000 1 5 0.340731293541596 5 1000 19693 5
"225" "W" 0.002 -0.165 0.46375 1 1 8000 1 5 0.768409665060492 5 1000 18862 5
"226" "W" 0.002 -0.61875 0.21625 1 1 8000 1 5 1.53132013317015 5 1000 19131 5
"227" "W" 0.002 -0.78375 0.7525 1 1 8000 1 5 0.284354282359106 5 1000 19244 5
"228" "W" 0.002 -0.86625 0.7525 1 1 8000 1 5 0.284354282359106 5 1000 19294 5
"229" "W" 0.02 -0.66 0.13375 1 1 8000 1 5 2.01178289320602 5 1000 19779 5
"230" "W" 0.002 -0.33 0.34 1 1 8000 1 5 1.07880966137193 5 1000 18959 5
"231" "W" 0.02 -0.0825 0.2575 1 1 8000 1 5 1.35673555887835 5 1000 19432 5
"232" "W" 0.002 -0.86625 0.67 1 1 8000 1 5 0.400477566597125 5 1000 19292 5
"233" "W" 0.02 -0.12375 0.46375 1 1 8000 1 5 0.768409665060492 5 1000 19462 5
"234" "W" 0.02 -0.61875 0.7525 1 1 8000 1 5 0.284354282359106 5 1000 19769 5
"235" "W" 0.002 -0.0825 0.62875 1 1 8000 1 5 0.464021557568188 5 1000 18816 5
"236" "W" 0.002 -0.165 0.7525 1 1 8000 1 5 0.284354282359106 5 1000 18869 5
"237" "W" 0.02 -0.5775 0.38125 1 1 8000 1 5 0.964299951060516 5 1000 19735 5
"238" "W" 0.02 -0.04125 0.95875 1 1 8000 1 5 0.042124926300671 5 1000 19424 5
"239" "W" 0.002 -0.99 0.54625 1 1 8000 1 5 0.604678532572337 5 1000 19364 5
"240" "W" 0.02 -0.86625 0.79375 1 1 8000 1 5 0.230986728775236 5 1000 19920 5
"241" "W" 0.002 -0.12375 0.0925 1 1 8000 1 5 2.38054663446376 5 1000 18828 5
"242" "W" 0.002 -0.61875 0.29875 1 1 8000 1 5 1.20814817573642 5 1000 19133 5
"243" "W" 0.002 -0.5775 0.38125 1 1 8000 1 5 0.964299951060516 5 1000 19110 5
"244" "W" 0.002 -0.45375 0.9175 1 1 8000 1 5 0.0861026990534116 5 1000 19048 5
"245" "W" 0.02 -0.0825 0.01 1 1 8000 1 5 4.60517018598809 5 1000 19426 5
"246" "W" 0.02 -0.04125 0.21625 1 1 8000 1 5 1.53132013317015 5 1000 19406 5
"247" "W" 0.002 -0.825 0.54625 1 1 8000 1 5 0.604678532572337 5 1000 19264 5
"248" "W" 0.002 -0.495 0.13375 1 1 8000 1 5 2.01178289320602 5 1000 19054 5
"249" "W" 0.002 -0.94875 0.34 1 1 8000 1 5 1.07880966137193 5 1000 19334 5
"250" "W" 0.002 -0.70125 0.01 1 1 8000 1 5 4.60517018598809 5 1000 19176 5
"251" "W" 0.02 -0.0825 1 1 1 8000 1 5 0 5 1000 19450 5
"252" "W" 0.02 -0.4125 0.21625 1 1 8000 1 5 1.53132013317015 5 1000 19631 5
"253" "W" 0.002 -0.20625 0.71125 1 1 8000 1 5 0.340731293541596 5 1000 18893 5
"254" "W" 0.02 -0.04125 0.71125 1 1 8000 1 5 0.340731293541596 5 1000 19418 5
"255" "W" 0.02 -0.04125 0.79375 1 1 8000 1 5 0.230986728775236 5 1000 19420 5
"256" "W" 0.002 -0.825 0.0925 1 1 8000 1 5 2.38054663446376 5 1000 19253 5
"257" "W" 0.02 -0.99 0.835 1 1 8000 1 5 0.180323554131281 5 1000 19996 5
"258" "W" 0.02 -0.33 0.34 1 1 8000 1 5 1.07880966137193 5 1000 19584 5
"259" "W" 0.002 -0.04125 0.79375 1 1 8000 1 5 0.230986728775236 5 1000 18795 5
"260" "W" 0.02 -0.495 0.01 1 1 8000 1 5 4.60517018598809 5 1000 19676 5
"261" "W" 0.02 -0.33 0.62875 1 1 8000 1 5 0.464021557568188 5 1000 19591 5
"262" "W" 0.002 -0.04125 0.95875 1 1 8000 1 5 0.042124926300671 5 1000 18799 5
"263" "W" 0.02 -0.825 0.835 1 1 8000 1 5 0.180323554131281 5 1000 19896 5
"264" "W" 0.02 -0.78375 0.0925 1 1 8000 1 5 2.38054663446376 5 1000 19853 5
"265" "W" 0.002 -0.0825 0.05125 1 1 8000 1 5 2.97103966096362 5 1000 18802 5
"266" "W" 0.02 0 0.835 1 1 8000 1 5 0.180323554131281 5 1000 19396 5
"267" "W" 0.02 -0.12375 0.62875 1 1 8000 1 5 0.464021557568188 5 1000 19466 5
"268" "W" 0.02 -0.0825 0.62875 1 1 8000 1 5 0.464021557568188 5 1000 19441 5
"269" "W" 0.002 -0.12375 0.9175 1 1 8000 1 5 0.0861026990534116 5 1000 18848 5
"270" "W" 0.02 -0.165 0.01 1 1 8000 1 5 4.60517018598809 5 1000 19476 5
"271" "W" 0.02 -0.70125 0.79375 1 1 8000 1 5 0.230986728775236 5 1000 19820 5
"272" "W" 0.02 -0.7425 1 1 1 8000 1 5 0 5 1000 19850 5
"273" "W" 0.02 -0.33 0.95875 1 1 8000 1 5 0.042124926300671 5 1000 19599 5
"274" "W" 0.002 -0.28875 0.29875 1 1 8000 1 5 1.20814817573642 5 1000 18933 5
"275" "W" 0.02 -0.825 0.0925 1 1 8000 1 5 2.38054663446376 5 1000 19878 5
"276" "W" 0.002 -0.70125 0.34 1 1 8000 1 5 1.07880966137193 5 1000 19184 5
"277" "W" 0.02 -0.53625 0.95875 1 1 8000 1 5 0.042124926300671 5 1000 19724 5
"278" "W" 0.002 -0.825 0.62875 1 1 8000 1 5 0.464021557568188 5 1000 19266 5
"279" "W" 0.002 -0.165 0.79375 1 1 8000 1 5 0.230986728775236 5 1000 18870 5
"280" "W" 0.02 -0.33 0.05125 1 1 8000 1 5 2.97103966096362 5 1000 19577 5
"281" "W" 0.02 -0.825 0.01 1 1 8000 1 5 4.60517018598809 5 1000 19876 5
"282" "W" 0.002 -0.70125 0.95875 1 1 8000 1 5 0.042124926300671 5 1000 19199 5
"283" "W" 0.02 -0.825 0.79375 1 1 8000 1 5 0.230986728775236 5 1000 19895 5
"284" "W" 0.002 -0.86625 0.71125 1 1 8000 1 5 0.340731293541596 5 1000 19293 5
"285" "W" 0.002 -0.20625 0.05125 1 1 8000 1 5 2.97103966096362 5 1000 18877 5
"286" "W" 0.02 -0.37125 0.175 1 1 8000 1 5 1.74296930505862 5 1000 19605 5
"287" "W" 0.02 -0.20625 0.79375 1 1 8000 1 5 0.230986728775236 5 1000 19520 5
"288" "W" 0.002 -0.86625 0.0925 1 1 8000 1 5 2.38054663446376 5 1000 19278 5
"289" "W" 0.002 -0.53625 0.38125 1 1 8000 1 5 0.964299951060516 5 1000 19085 5
"290" "W" 0.02 0 0.9175 1 1 8000 1 5 0.0861026990534116 5 1000 19398 5
"291" "W" 0.02 -0.37125 0.34 1 1 8000 1 5 1.07880966137193 5 1000 19609 5
"292" "W" 0.02 -0.12375 0.95875 1 1 8000 1 5 0.042124926300671 5 1000 19474 5
"293" "W" 0.002 -0.12375 0.87625 1 1 8000 1 5 0.132103840633337 5 1000 18847 5
"294" "W" 0.02 -0.04125 0.38125 1 1 8000 1 5 0.964299951060516 5 1000 19410 5
"295" "W" 0.02 -0.0825 0.4225 1 1 8000 1 5 0.861565832184908 5 1000 19436 5
"296" "W" 0.02 -0.825 0.5875 1 1 8000 1 5 0.531879032963823 5 1000 19890 5
"297" "W" 0.02 -0.94875 0.7525 1 1 8000 1 5 0.284354282359106 5 1000 19969 5
"298" "W" 0.02 -0.37125 0.62875 1 1 8000 1 5 0.464021557568188 5 1000 19616 5
"299" "W" 0.002 -0.0825 0.95875 1 1 8000 1 5 0.042124926300671 5 1000 18824 5
"300" "W" 0.002 -0.20625 0.7525 1 1 8000 1 5 0.284354282359106 5 1000 18894 5
"301" "W" 0.02 -0.20625 0.13375 1 1 8000 1 5 2.01178289320602 5 1000 19504 5
"302" "W" 0.02 -0.165 0.2575 1 1 8000 1 5 1.35673555887835 5 1000 19482 5
"303" "W" 0.02 -0.70125 0.21625 1 1 8000 1 5 1.53132013317015 5 1000 19806 5
"304" "W" 0.02 -0.2475 0.54625 1 1 8000 1 5 0.604678532572337 5 1000 19539 5
"305" "W" 0.002 -0.53625 1 1 1 8000 1 5 0 5 1000 19100 5
"306" "W" 0.02 0 0.21625 1 1 8000 1 5 1.53132013317015 5 1000 19381 5
"307" "W" 0.02 -0.61875 0.5875 1 1 8000 1 5 0.531879032963823 5 1000 19765 5
"308" "W" 0.02 -0.5775 0.21625 1 1 8000 1 5 1.53132013317015 5 1000 19731 5
"309" "W" 0.02 -0.37125 0.67 1 1 8000 1 5 0.400477566597125 5 1000 19617 5
"310" "W" 0.02 -0.7425 0.01 1 1 8000 1 5 4.60517018598809 5 1000 19826 5
"311" "W" 0.02 -0.70125 1 1 1 8000 1 5 0 5 1000 19825 5
"312" "W" 0.002 -0.0825 0.835 1 1 8000 1 5 0.180323554131281 5 1000 18821 5
"313" "W" 0.002 -0.61875 0.87625 1 1 8000 1 5 0.132103840633337 5 1000 19147 5
"314" "W" 0.02 -0.99 0.13375 1 1 8000 1 5 2.01178289320602 5 1000 19979 5
"315" "W" 0.02 -0.7425 0.67 1 1 8000 1 5 0.400477566597125 5 1000 19842 5
"316" "W" 0.02 -0.5775 0.835 1 1 8000 1 5 0.180323554131281 5 1000 19746 5
"317" "W" 0.002 -0.04125 0.38125 1 1 8000 1 5 0.964299951060516 5 1000 18785 5
"318" "W" 0.02 -0.4125 0.34 1 1 8000 1 5 1.07880966137193 5 1000 19634 5
"319" "W" 0.002 -0.0825 0.505 1 1 8000 1 5 0.683196849706777 5 1000 18813 5
"320" "W" 0.002 -0.94875 0.835 1 1 8000 1 5 0.180323554131281 5 1000 19346 5
"321" "W" 0.02 -0.5775 0.2575 1 1 8000 1 5 1.35673555887835 5 1000 19732 5
"322" "W" 0.002 -0.4125 0.67 1 1 8000 1 5 0.400477566597125 5 1000 19017 5
"323" "W" 0.002 -0.86625 0.9175 1 1 8000 1 5 0.0861026990534116 5 1000 19298 5
"324" "W" 0.02 -0.28875 1 1 1 8000 1 5 0 5 1000 19575 5
"325" "W" 0.02 -0.70125 0.71125 1 1 8000 1 5 0.340731293541596 5 1000 19818 5
"326" "W" 0.02 -0.78375 0.175 1 1 8000 1 5 1.74296930505862 5 1000 19855 5
"327" "W" 0.002 -0.9075 0.38125 1 1 8000 1 5 0.964299951060516 5 1000 19310 5
"328" "W" 0.02 -0.5775 0.34 1 1 8000 1 5 1.07880966137193 5 1000 19734 5
"329" "W" 0.002 -0.78375 0.29875 1 1 8000 1 5 1.20814817573642 5 1000 19233 5
"330" "W" 0.02 -0.99 0.7525 1 1 8000 1 5 0.284354282359106 5 1000 19994 5
"331" "W" 0.02 -0.5775 0.71125 1 1 8000 1 5 0.340731293541596 5 1000 19743 5
"332" "W" 0.002 -0.0825 0.5875 1 1 8000 1 5 0.531879032963823 5 1000 18815 5
"333" "W" 0.02 -0.165 0.7525 1 1 8000 1 5 0.284354282359106 5 1000 19494 5
"334" "W" 0.02 -0.86625 1 1 1 8000 1 5 0 5 1000 19925 5
"335" "W" 0.002 -0.9075 0.21625 1 1 8000 1 5 1.53132013317015 5 1000 19306 5
"336" "W" 0.002 -0.495 0.7525 1 1 8000 1 5 0.284354282359106 5 1000 19069 5
"337" "W" 0.002 -0.12375 0.2575 1 1 8000 1 5 1.35673555887835 5 1000 18832 5
"338" "W" 0.002 -0.86625 0.46375 1 1 8000 1 5 0.768409665060492 5 1000 19287 5
"339" "W" 0.002 -0.66 0.34 1 1 8000 1 5 1.07880966137193 5 1000 19159 5
"340" "W" 0.02 -0.495 0.38125 1 1 8000 1 5 0.964299951060516 5 1000 19685 5
"341" "W" 0.02 -0.28875 0.38125 1 1 8000 1 5 0.964299951060516 5 1000 19560 5
"342" "W" 0.002 -0.495 0.71125 1 1 8000 1 5 0.340731293541596 5 1000 19068 5
"343" "W" 0.02 -0.825 0.62875 1 1 8000 1 5 0.464021557568188 5 1000 19891 5
"344" "W" 0.02 -0.5775 0.13375 1 1 8000 1 5 2.01178289320602 5 1000 19729 5
"345" "W" 0.02 -0.94875 0.87625 1 1 8000 1 5 0.132103840633337 5 1000 19972 5
"346" "W" 0.002 -0.28875 0.835 1 1 8000 1 5 0.180323554131281 5 1000 18946 5
"347" "W" 0.002 -0.825 0.29875 1 1 8000 1 5 1.20814817573642 5 1000 19258 5
"348" "W" 0.002 -0.86625 0.62875 1 1 8000 1 5 0.464021557568188 5 1000 19291 5
"349" "W" 0.002 -0.61875 0.46375 1 1 8000 1 5 0.768409665060492 5 1000 19137 5
"350" "W" 0.002 -0.99 0.01 1 1 8000 1 5 4.60517018598809 5 1000 19351 5
"351" "W" 0.002 -0.45375 0.7525 1 1 8000 1 5 0.284354282359106 5 1000 19044 5
"352" "W" 0.002 -0.78375 0.5875 1 1 8000 1 5 0.531879032963823 5 1000 19240 5
"353" "W" 0.02 -0.33 0.71125 1 1 8000 1 5 0.340731293541596 5 1000 19593 5
"354" "W" 0.02 -0.53625 0.67 1 1 8000 1 5 0.400477566597125 5 1000 19717 5
"355" "W" 0.02 -0.33 0.9175 1 1 8000 1 5 0.0861026990534116 5 1000 19598 5
"356" "W" 0.002 -0.7425 0.54625 1 1 8000 1 5 0.604678532572337 5 1000 19214 5
"357" "W" 0.02 -0.28875 0.2575 1 1 8000 1 5 1.35673555887835 5 1000 19557 5
"358" "W" 0.002 -0.33 0.71125 1 1 8000 1 5 0.340731293541596 5 1000 18968 5
"359" "W" 0.002 -0.7425 0.01 1 1 8000 1 5 4.60517018598809 5 1000 19201 5
"360" "W" 0.002 -0.37125 0.5875 1 1 8000 1 5 0.531879032963823 5 1000 18990 5
"361" "W" 0.02 -0.66 0.95875 1 1 8000 1 5 0.042124926300671 5 1000 19799 5
"362" "W" 0.02 -0.28875 0.835 1 1 8000 1 5 0.180323554131281 5 1000 19571 5
"363" "W" 0.02 -0.61875 0.9175 1 1 8000 1 5 0.0861026990534116 5 1000 19773 5
"364" "W" 0.02 -0.0825 0.67 1 1 8000 1 5 0.400477566597125 5 1000 19442 5
"365" "W" 0.002 -0.28875 0.46375 1 1 8000 1 5 0.768409665060492 5 1000 18937 5
"366" "W" 0.02 -0.78375 0.01 1 1 8000 1 5 4.60517018598809 5 1000 19851 5
"367" "W" 0.02 -0.99 0.5875 1 1 8000 1 5 0.531879032963823 5 1000 19990 5
"368" "W" 0.02 -0.4125 0.29875 1 1 8000 1 5 1.20814817573642 5 1000 19633 5
"369" "W" 0.002 -0.825 0.34 1 1 8000 1 5 1.07880966137193 5 1000 19259 5
"370" "W" 0.002 -0.4125 0.95875 1 1 8000 1 5 0.042124926300671 5 1000 19024 5
"371" "W" 0.02 -0.825 0.46375 1 1 8000 1 5 0.768409665060492 5 1000 19887 5
"372" "W" 0.002 -0.94875 0.67 1 1 8000 1 5 0.400477566597125 5 1000 19342 5
"373" "W" 0.002 -0.94875 0.505 1 1 8000 1 5 0.683196849706777 5 1000 19338 5
"374" "W" 0.002 -0.9075 0.67 1 1 8000 1 5 0.400477566597125 5 1000 19317 5
"375" "W" 0.002 -0.99 0.79375 1 1 8000 1 5 0.230986728775236 5 1000 19370 5
"376" "W" 0.02 -0.04125 0.34 1 1 8000 1 5 1.07880966137193 5 1000 19409 5
"377" "W" 0.02 -0.28875 0.62875 1 1 8000 1 5 0.464021557568188 5 1000 19566 5
"378" "W" 0.002 -0.33 0.29875 1 1 8000 1 5 1.20814817573642 5 1000 18958 5
"379" "W" 0.02 -0.45375 0.505 1 1 8000 1 5 0.683196849706777 5 1000 19663 5
"380" "W" 0.002 -0.70125 0.29875 1 1 8000 1 5 1.20814817573642 5 1000 19183 5
"381" "W" 0.002 -0.20625 0.505 1 1 8000 1 5 0.683196849706777 5 1000 18888 5
"382" "W" 0.002 -0.165 0.9175 1 1 8000 1 5 0.0861026990534116 5 1000 18873 5
"383" "W" 0.02 -0.4125 0.38125 1 1 8000 1 5 0.964299951060516 5 1000 19635 5
"384" "W" 0.002 -0.33 0.7525 1 1 8000 1 5 0.284354282359106 5 1000 18969 5
"385" "W" 0.002 -0.78375 1 1 1 8000 1 5 0 5 1000 19250 5
"386" "W" 0.002 -0.53625 0.34 1 1 8000 1 5 1.07880966137193 5 1000 19084 5
"387" "W" 0.02 -0.78375 0.4225 1 1 8000 1 5 0.861565832184908 5 1000 19861 5
"388" "W" 0.002 -0.78375 0.71125 1 1 8000 1 5 0.340731293541596 5 1000 19243 5
"389" "W" 0.002 -0.495 0.505 1 1 8000 1 5 0.683196849706777 5 1000 19063 5
"390" "W" 0.002 0 0.29875 1 1 8000 1 5 1.20814817573642 5 1000 18758 5
"391" "W" 0.02 -0.86625 0.0925 1 1 8000 1 5 2.38054663446376 5 1000 19903 5
"392" "W" 0.02 -0.2475 0.5875 1 1 8000 1 5 0.531879032963823 5 1000 19540 5
"393" "W" 0.002 -0.86625 0.21625 1 1 8000 1 5 1.53132013317015 5 1000 19281 5
"394" "W" 0.02 -0.0825 0.95875 1 1 8000 1 5 0.042124926300671 5 1000 19449 5
"395" "W" 0.02 0 1 1 1 8000 1 5 0 5 1000 19400 5
"396" "W" 0.02 -0.825 0.13375 1 1 8000 1 5 2.01178289320602 5 1000 19879 5
"397" "W" 0.02 -0.53625 0.62875 1 1 8000 1 5 0.464021557568188 5 1000 19716 5
"398" "W" 0.002 -0.7425 0.9175 1 1 8000 1 5 0.0861026990534116 5 1000 19223 5
"399" "W" 0.02 -0.2475 0.13375 1 1 8000 1 5 2.01178289320602 5 1000 19529 5
"400" "W" 0.002 -0.0825 0.0925 1 1 8000 1 5 2.38054663446376 5 1000 18803 5
"401" "W" 0.02 -0.20625 0.7525 1 1 8000 1 5 0.284354282359106 5 1000 19519 5
"402" "W" 0.002 -0.53625 0.21625 1 1 8000 1 5 1.53132013317015 5 1000 19081 5
"403" "W" 0.02 0 0.95875 1 1 8000 1 5 0.042124926300671 5 1000 19399 5
"404" "W" 0.002 -0.9075 0.05125 1 1 8000 1 5 2.97103966096362 5 1000 19302 5
"405" "W" 0.002 -0.78375 0.2575 1 1 8000 1 5 1.35673555887835 5 1000 19232 5
"406" "W" 0.02 -0.7425 0.71125 1 1 8000 1 5 0.340731293541596 5 1000 19843 5
"407" "W" 0.02 -0.0825 0.38125 1 1 8000 1 5 0.964299951060516 5 1000 19435 5
"408" "W" 0.002 -0.165 0.4225 1 1 8000 1 5 0.861565832184908 5 1000 18861 5
"409" "W" 0.02 0 0.38125 1 1 8000 1 5 0.964299951060516 5 1000 19385 5
"410" "W" 0.02 -0.37125 0.0925 1 1 8000 1 5 2.38054663446376 5 1000 19603 5
"411" "W" 0.02 -0.12375 0.505 1 1 8000 1 5 0.683196849706777 5 1000 19463 5
"412" "W" 0.02 -0.825 0.7525 1 1 8000 1 5 0.284354282359106 5 1000 19894 5
"413" "W" 0.002 -0.94875 0.01 1 1 8000 1 5 4.60517018598809 5 1000 19326 5
"414" "W" 0.002 -0.70125 0.67 1 1 8000 1 5 0.400477566597125 5 1000 19192 5
"415" "W" 0.002 -0.12375 0.29875 1 1 8000 1 5 1.20814817573642 5 1000 18833 5
"416" "W" 0.002 -0.28875 0.4225 1 1 8000 1 5 0.861565832184908 5 1000 18936 5
"417" "W" 0.002 -0.20625 0.34 1 1 8000 1 5 1.07880966137193 5 1000 18884 5
"418" "W" 0.02 -0.4125 0.87625 1 1 8000 1 5 0.132103840633337 5 1000 19647 5
"419" "W" 0.02 -0.4125 0.54625 1 1 8000 1 5 0.604678532572337 5 1000 19639 5
"420" "W" 0.02 -0.9075 0.175 1 1 8000 1 5 1.74296930505862 5 1000 19930 5
"421" "W" 0.02 -0.53625 0.2575 1 1 8000 1 5 1.35673555887835 5 1000 19707 5
"422" "W" 0.002 -0.825 0.38125 1 1 8000 1 5 0.964299951060516 5 1000 19260 5
"423" "W" 0.002 -0.86625 0.175 1 1 8000 1 5 1.74296930505862 5 1000 19280 5
"424" "W" 0.002 -0.5775 0.54625 1 1 8000 1 5 0.604678532572337 5 1000 19114 5
"425" "W" 0.02 -0.9075 0.79375 1 1 8000 1 5 0.230986728775236 5 1000 19945 5
"426" "W" 0.002 -0.61875 0.79375 1 1 8000 1 5 0.230986728775236 5 1000 19145 5
"427" "W" 0.002 -0.78375 0.34 1 1 8000 1 5 1.07880966137193 5 1000 19234 5
"428" "W" 0.02 -0.04125 0.54625 1 1 8000 1 5 0.604678532572337 5 1000 19414 5
"429" "W" 0.002 -0.53625 0.54625 1 1 8000 1 5 0.604678532572337 5 1000 19089 5
"430" "W" 0.02 -0.45375 0.67 1 1 8000 1 5 0.400477566597125 5 1000 19667 5
"431" "W" 0.002 -0.70125 0.505 1 1 8000 1 5 0.683196849706777 5 1000 19188 5
"432" "W" 0.02 -0.2475 1 1 1 8000 1 5 0 5 1000 19550 5
"433" "W" 0.02 -0.9075 0.87625 1 1 8000 1 5 0.132103840633337 5 1000 19947 5
"434" "W" 0.02 -0.165 0.67 1 1 8000 1 5 0.400477566597125 5 1000 19492 5
"435" "W" 0.02 -0.825 0.87625 1 1 8000 1 5 0.132103840633337 5 1000 19897 5
"436" "W" 0.002 -0.45375 0.0925 1 1 8000 1 5 2.38054663446376 5 1000 19028 5
"437" "W" 0.002 -0.12375 0.505 1 1 8000 1 5 0.683196849706777 5 1000 18838 5
"438" "W" 0.002 -0.37125 1 1 1 8000 1 5 0 5 1000 19000 5
"439" "W" 0.02 -0.20625 0.46375 1 1 8000 1 5 0.768409665060492 5 1000 19512 5
"440" "W" 0.02 -0.86625 0.9175 1 1 8000 1 5 0.0861026990534116 5 1000 19923 5
"441" "W" 0.002 -0.495 0.175 1 1 8000 1 5 1.74296930505862 5 1000 19055 5
"442" "W" 0.02 -0.61875 0.95875 1 1 8000 1 5 0.042124926300671 5 1000 19774 5
"443" "W" 0.002 -0.86625 0.05125 1 1 8000 1 5 2.97103966096362 5 1000 19277 5
"444" "W" 0.002 -0.0825 0.38125 1 1 8000 1 5 0.964299951060516 5 1000 18810 5
"445" "W" 0.02 -0.9075 0.54625 1 1 8000 1 5 0.604678532572337 5 1000 19939 5
"446" "W" 0.02 -0.70125 0.13375 1 1 8000 1 5 2.01178289320602 5 1000 19804 5
"447" "W" 0.002 -0.28875 1 1 1 8000 1 5 0 5 1000 18950 5
"448" "W" 0.002 -0.53625 0.7525 1 1 8000 1 5 0.284354282359106 5 1000 19094 5
"449" "W" 0.002 -0.33 0.5875 1 1 8000 1 5 0.531879032963823 5 1000 18965 5
"450" "W" 0.02 -0.37125 0.9175 1 1 8000 1 5 0.0861026990534116 5 1000 19623 5
"451" "W" 0.002 -0.4125 0.01 1 1 8000 1 5 4.60517018598809 5 1000 19001 5
"452" "W" 0.02 -0.45375 0.0925 1 1 8000 1 5 2.38054663446376 5 1000 19653 5
"453" "W" 0.02 -0.45375 0.62875 1 1 8000 1 5 0.464021557568188 5 1000 19666 5
"454" "W" 0.02 -0.20625 0.175 1 1 8000 1 5 1.74296930505862 5 1000 19505 5
"455" "W" 0.02 -0.78375 0.5875 1 1 8000 1 5 0.531879032963823 5 1000 19865 5
"456" "W" 0.02 -0.53625 0.5875 1 1 8000 1 5 0.531879032963823 5 1000 19715 5
"457" "W" 0.002 -0.20625 0.21625 1 1 8000 1 5 1.53132013317015 5 1000 18881 5
"458" "W" 0.02 -0.4125 0.505 1 1 8000 1 5 0.683196849706777 5 1000 19638 5
"459" "W" 0.02 -0.165 0.79375 1 1 8000 1 5 0.230986728775236 5 1000 19495 5
"460" "W" 0.02 -0.12375 0.4225 1 1 8000 1 5 0.861565832184908 5 1000 19461 5
"461" "W" 0.002 -0.37125 0.38125 1 1 8000 1 5 0.964299951060516 5 1000 18985 5
"462" "W" 0.002 -0.66 0.54625 1 1 8000 1 5 0.604678532572337 5 1000 19164 5
"463" "W" 0.002 -0.45375 0.62875 1 1 8000 1 5 0.464021557568188 5 1000 19041 5
"464" "W" 0.02 -0.165 0.5875 1 1 8000 1 5 0.531879032963823 5 1000 19490 5
"465" "W" 0.02 -0.7425 0.46375 1 1 8000 1 5 0.768409665060492 5 1000 19837 5
"466" "W" 0.02 -0.165 0.54625 1 1 8000 1 5 0.604678532572337 5 1000 19489 5
"467" "W" 0.02 -0.86625 0.38125 1 1 8000 1 5 0.964299951060516 5 1000 19910 5
"468" "W" 0.002 -0.9075 0.54625 1 1 8000 1 5 0.604678532572337 5 1000 19314 5
"469" "W" 0.002 -0.66 1 1 1 8000 1 5 0 5 1000 19175 5
"470" "W" 0.002 -0.2475 0.46375 1 1 8000 1 5 0.768409665060492 5 1000 18912 5
"471" "W" 0.002 -0.78375 0.67 1 1 8000 1 5 0.400477566597125 5 1000 19242 5
"472" "W" 0.002 -0.0825 0.175 1 1 8000 1 5 1.74296930505862 5 1000 18805 5
"473" "W" 0.02 -0.53625 0.175 1 1 8000 1 5 1.74296930505862 5 1000 19705 5
"474" "W" 0.02 -0.0825 0.29875 1 1 8000 1 5 1.20814817573642 5 1000 19433 5
"475" "W" 0.002 -0.99 0.9175 1 1 8000 1 5 0.0861026990534116 5 1000 19373 5
"476" "W" 0.002 -0.5775 0.4225 1 1 8000 1 5 0.861565832184908 5 1000 19111 5
"477" "W" 0.002 -0.66 0.79375 1 1 8000 1 5 0.230986728775236 5 1000 19170 5
"478" "W" 0.02 -0.86625 0.7525 1 1 8000 1 5 0.284354282359106 5 1000 19919 5
"479" "W" 0.02 -0.5775 0.01 1 1 8000 1 5 4.60517018598809 5 1000 19726 5
"480" "W" 0.02 -0.86625 0.71125 1 1 8000 1 5 0.340731293541596 5 1000 19918 5
"481" "W" 0.02 -0.12375 0.7525 1 1 8000 1 5 0.284354282359106 5 1000 19469 5
"482" "W" 0.02 -0.66 0.71125 1 1 8000 1 5 0.340731293541596 5 1000 19793 5
"483" "W" 0.002 -0.04125 1 1 1 8000 1 5 0 5 1000 18800 5
"484" "W" 0.002 -0.20625 0.175 1 1 8000 1 5 1.74296930505862 5 1000 18880 5
"485" "W" 0.02 -0.9075 0.4225 1 1 8000 1 5 0.861565832184908 5 1000 19936 5
"486" "W" 0.02 -0.99 0.21625 1 1 8000 1 5 1.53132013317015 5 1000 19981 5
"487" "W" 0.02 -0.33 0.54625 1 1 8000 1 5 0.604678532572337 5 1000 19589 5
"488" "W" 0.02 -0.2475 0.835 1 1 8000 1 5 0.180323554131281 5 1000 19546 5
"489" "W" 0.02 -0.825 0.38125 1 1 8000 1 5 0.964299951060516 5 1000 19885 5
"490" "W" 0.002 -0.99 0.835 1 1 8000 1 5 0.180323554131281 5 1000 19371 5
"491" "W" 0.02 -0.86625 0.21625 1 1 8000 1 5 1.53132013317015 5 1000 19906 5
"492" "W" 0.02 -0.495 0.95875 1 1 8000 1 5 0.042124926300671 5 1000 19699 5
"493" "W" 0.02 -0.33 0.835 1 1 8000 1 5 0.180323554131281 5 1000 19596 5
"494" "W" 0.02 -0.20625 0.67 1 1 8000 1 5 0.400477566597125 5 1000 19517 5
"495" "W" 0.02 0 0.29875 1 1 8000 1 5 1.20814817573642 5 1000 19383 5
"496" "W" 0.02 -0.94875 0.835 1 1 8000 1 5 0.180323554131281 5 1000 19971 5
"497" "W" 0.002 -0.53625 0.505 1 1 8000 1 5 0.683196849706777 5 1000 19088 5
"498" "W" 0.002 -0.33 0.38125 1 1 8000 1 5 0.964299951060516 5 1000 18960 5
"499" "W" 0.002 -0.5775 0.46375 1 1 8000 1 5 0.768409665060492 5 1000 19112 5
"500" "W" 0.02 -0.7425 0.175 1 1 8000 1 5 1.74296930505862 5 1000 19830 5
"501" "W" 0.02 -0.0825 0.7525 1 1 8000 1 5 0.284354282359106 5 1000 19444 5
"502" "W" 0.002 -0.5775 0.62875 1 1 8000 1 5 0.464021557568188 5 1000 19116 5
"503" "W" 0.02 -0.165 0.95875 1 1 8000 1 5 0.042124926300671 5 1000 19499 5
"504" "W" 0.002 0 0.13375 1 1 8000 1 5 2.01178289320602 5 1000 18754 5
"505" "W" 0.002 -0.45375 0.01 1 1 8000 1 5 4.60517018598809 5 1000 19026 5
"506" "W" 0.002 -0.66 0.71125 1 1 8000 1 5 0.340731293541596 5 1000 19168 5
"507" "W" 0.002 -0.94875 0.38125 1 1 8000 1 5 0.964299951060516 5 1000 19335 5
"508" "W" 0.02 -0.7425 0.835 1 1 8000 1 5 0.180323554131281 5 1000 19846 5
"509" "W" 0.02 -0.28875 0.175 1 1 8000 1 5 1.74296930505862 5 1000 19555 5
"510" "W" 0.002 -0.495 1 1 1 8000 1 5 0 5 1000 19075 5
"511" "W" 0.02 -0.99 0.05125 1 1 8000 1 5 2.97103966096362 5 1000 19977 5
"512" "W" 0.02 -0.04125 0.2575 1 1 8000 1 5 1.35673555887835 5 1000 19407 5
"513" "W" 0.02 -0.66 0.175 1 1 8000 1 5 1.74296930505862 5 1000 19780 5
"514" "W" 0.002 -0.12375 0.7525 1 1 8000 1 5 0.284354282359106 5 1000 18844 5
"515" "W" 0.02 -0.94875 0.05125 1 1 8000 1 5 2.97103966096362 5 1000 19952 5
"516" "W" 0.02 -0.7425 0.505 1 1 8000 1 5 0.683196849706777 5 1000 19838 5
"517" "W" 0.02 -0.2475 0.505 1 1 8000 1 5 0.683196849706777 5 1000 19538 5
"518" "W" 0.002 -0.45375 0.13375 1 1 8000 1 5 2.01178289320602 5 1000 19029 5
"519" "W" 0.002 -0.94875 0.05125 1 1 8000 1 5 2.97103966096362 5 1000 19327 5
"520" "W" 0.02 -0.9075 0.05125 1 1 8000 1 5 2.97103966096362 5 1000 19927 5
"521" "W" 0.02 -0.5775 0.4225 1 1 8000 1 5 0.861565832184908 5 1000 19736 5
"522" "W" 0.002 -0.2475 0.2575 1 1 8000 1 5 1.35673555887835 5 1000 18907 5
"523" "W" 0.02 -0.12375 0.835 1 1 8000 1 5 0.180323554131281 5 1000 19471 5
"524" "W" 0.02 -0.495 0.46375 1 1 8000 1 5 0.768409665060492 5 1000 19687 5
"525" "W" 0.002 -0.33 0.175 1 1 8000 1 5 1.74296930505862 5 1000 18955 5
"526" "W" 0.02 -0.9075 1 1 1 8000 1 5 0 5 1000 19950 5
"527" "W" 0.002 -0.5775 0.5875 1 1 8000 1 5 0.531879032963823 5 1000 19115 5
"528" "W" 0.02 -0.7425 0.4225 1 1 8000 1 5 0.861565832184908 5 1000 19836 5
"529" "W" 0.02 -0.70125 0.29875 1 1 8000 1 5 1.20814817573642 5 1000 19808 5
"530" "W" 0.02 -0.61875 0.505 1 1 8000 1 5 0.683196849706777 5 1000 19763 5
"531" "W" 0.02 -0.53625 1 1 1 8000 1 5 0 5 1000 19725 5
"532" "W" 0.002 -0.86625 0.5875 1 1 8000 1 5 0.531879032963823 5 1000 19290 5
"533" "W" 0.002 -0.165 0.29875 1 1 8000 1 5 1.20814817573642 5 1000 18858 5
"534" "W" 0.02 -0.495 1 1 1 8000 1 5 0 5 1000 19700 5
"535" "W" 0.02 -0.37125 0.54625 1 1 8000 1 5 0.604678532572337 5 1000 19614 5
"536" "W" 0.02 -0.66 0.505 1 1 8000 1 5 0.683196849706777 5 1000 19788 5
"537" "W" 0.002 -0.45375 0.4225 1 1 8000 1 5 0.861565832184908 5 1000 19036 5
"538" "W" 0.02 -0.2475 0.05125 1 1 8000 1 5 2.97103966096362 5 1000 19527 5
"539" "W" 0.02 -0.4125 0.79375 1 1 8000 1 5 0.230986728775236 5 1000 19645 5
"540" "W" 0.02 0 0.7525 1 1 8000 1 5 0.284354282359106 5 1000 19394 5
"541" "W" 0.02 -0.9075 0.7525 1 1 8000 1 5 0.284354282359106 5 1000 19944 5
"542" "W" 0.002 -0.2475 0.79375 1 1 8000 1 5 0.230986728775236 5 1000 18920 5
"543" "W" 0.02 -0.94875 0.9175 1 1 8000 1 5 0.0861026990534116 5 1000 19973 5
"544" "W" 0.02 -0.5775 0.9175 1 1 8000 1 5 0.0861026990534116 5 1000 19748 5
"545" "W" 0.02 -0.20625 0.71125 1 1 8000 1 5 0.340731293541596 5 1000 19518 5
"546" "W" 0.02 -0.61875 0.835 1 1 8000 1 5 0.180323554131281 5 1000 19771 5
"547" "W" 0.002 -0.04125 0.4225 1 1 8000 1 5 0.861565832184908 5 1000 18786 5
"548" "W" 0.02 -0.70125 0.87625 1 1 8000 1 5 0.132103840633337 5 1000 19822 5
"549" "W" 0.002 -0.495 0.87625 1 1 8000 1 5 0.132103840633337 5 1000 19072 5
"550" "W" 0.02 -0.5775 0.95875 1 1 8000 1 5 0.042124926300671 5 1000 19749 5
"551" "W" 0.002 -0.4125 0.29875 1 1 8000 1 5 1.20814817573642 5 1000 19008 5
"552" "W" 0.002 -0.4125 0.2575 1 1 8000 1 5 1.35673555887835 5 1000 19007 5
"553" "W" 0.02 -0.53625 0.05125 1 1 8000 1 5 2.97103966096362 5 1000 19702 5
"554" "W" 0.002 -0.04125 0.21625 1 1 8000 1 5 1.53132013317015 5 1000 18781 5
"555" "W" 0.002 -0.825 0.13375 1 1 8000 1 5 2.01178289320602 5 1000 19254 5
"556" "W" 0.002 -0.94875 0.4225 1 1 8000 1 5 0.861565832184908 5 1000 19336 5
"557" "W" 0.02 -0.94875 0.79375 1 1 8000 1 5 0.230986728775236 5 1000 19970 5
"558" "W" 0.002 -0.04125 0.5875 1 1 8000 1 5 0.531879032963823 5 1000 18790 5
"559" "W" 0.002 0 0.5875 1 1 8000 1 5 0.531879032963823 5 1000 18765 5
"560" "W" 0.002 -0.33 0.835 1 1 8000 1 5 0.180323554131281 5 1000 18971 5
"561" "W" 0.02 -0.825 0.34 1 1 8000 1 5 1.07880966137193 5 1000 19884 5
"562" "W" 0.02 -0.61875 0.62875 1 1 8000 1 5 0.464021557568188 5 1000 19766 5
"563" "W" 0.002 -0.2475 0.67 1 1 8000 1 5 0.400477566597125 5 1000 18917 5
"564" "W" 0.02 -0.9075 0.34 1 1 8000 1 5 1.07880966137193 5 1000 19934 5
"565" "W" 0.002 -0.99 0.38125 1 1 8000 1 5 0.964299951060516 5 1000 19360 5
"566" "W" 0.002 -0.99 0.0925 1 1 8000 1 5 2.38054663446376 5 1000 19353 5
"567" "W" 0.002 -0.7425 0.175 1 1 8000 1 5 1.74296930505862 5 1000 19205 5
"568" "W" 0.002 -0.33 0.13375 1 1 8000 1 5 2.01178289320602 5 1000 18954 5
"569" "W" 0.002 -0.86625 0.2575 1 1 8000 1 5 1.35673555887835 5 1000 19282 5
"570" "W" 0.002 -0.7425 0.34 1 1 8000 1 5 1.07880966137193 5 1000 19209 5
"571" "W" 0.002 0 0.67 1 1 8000 1 5 0.400477566597125 5 1000 18767 5
"572" "W" 0.02 -0.53625 0.38125 1 1 8000 1 5 0.964299951060516 5 1000 19710 5
"573" "W" 0.002 -0.04125 0.13375 1 1 8000 1 5 2.01178289320602 5 1000 18779 5
"574" "W" 0.002 -0.45375 0.54625 1 1 8000 1 5 0.604678532572337 5 1000 19039 5
"575" "W" 0.002 -0.12375 0.62875 1 1 8000 1 5 0.464021557568188 5 1000 18841 5
"576" "W" 0.02 -0.495 0.505 1 1 8000 1 5 0.683196849706777 5 1000 19688 5
"577" "W" 0.002 -0.78375 0.46375 1 1 8000 1 5 0.768409665060492 5 1000 19237 5
"578" "W" 0.002 -0.70125 0.71125 1 1 8000 1 5 0.340731293541596 5 1000 19193 5
"579" "W" 0.02 -0.37125 0.87625 1 1 8000 1 5 0.132103840633337 5 1000 19622 5
"580" "W" 0.002 -0.28875 0.5875 1 1 8000 1 5 0.531879032963823 5 1000 18940 5
"581" "W" 0.02 -0.495 0.9175 1 1 8000 1 5 0.0861026990534116 5 1000 19698 5
"582" "W" 0.002 -0.825 0.05125 1 1 8000 1 5 2.97103966096362 5 1000 19252 5
"583" "W" 0.002 -0.4125 0.4225 1 1 8000 1 5 0.861565832184908 5 1000 19011 5
"584" "W" 0.002 -0.165 0.21625 1 1 8000 1 5 1.53132013317015 5 1000 18856 5
"585" "W" 0.02 -0.165 0.0925 1 1 8000 1 5 2.38054663446376 5 1000 19478 5
"586" "W" 0.02 -0.61875 0.54625 1 1 8000 1 5 0.604678532572337 5 1000 19764 5
"587" "W" 0.002 -0.0825 0.34 1 1 8000 1 5 1.07880966137193 5 1000 18809 5
"588" "W" 0.02 -0.28875 0.67 1 1 8000 1 5 0.400477566597125 5 1000 19567 5
"589" "W" 0.002 -0.2475 0.29875 1 1 8000 1 5 1.20814817573642 5 1000 18908 5
"590" "W" 0.02 -0.86625 0.29875 1 1 8000 1 5 1.20814817573642 5 1000 19908 5
"591" "W" 0.002 -0.99 0.7525 1 1 8000 1 5 0.284354282359106 5 1000 19369 5
"592" "W" 0.002 -0.9075 0.71125 1 1 8000 1 5 0.340731293541596 5 1000 19318 5
"593" "W" 0.002 -0.66 0.62875 1 1 8000 1 5 0.464021557568188 5 1000 19166 5
"594" "W" 0.02 0 0.05125 1 1 8000 1 5 2.97103966096362 5 1000 19377 5
"595" "W" 0.002 -0.04125 0.67 1 1 8000 1 5 0.400477566597125 5 1000 18792 5
"596" "W" 0.02 -0.45375 0.71125 1 1 8000 1 5 0.340731293541596 5 1000 19668 5
"597" "W" 0.002 -0.12375 0.01 1 1 8000 1 5 4.60517018598809 5 1000 18826 5
"598" "W" 0.02 -0.28875 0.29875 1 1 8000 1 5 1.20814817573642 5 1000 19558 5
"599" "W" 0.02 -0.37125 0.7525 1 1 8000 1 5 0.284354282359106 5 1000 19619 5
"600" "W" 0.002 -0.53625 0.0925 1 1 8000 1 5 2.38054663446376 5 1000 19078 5
"601" "W" 0.02 -0.37125 0.05125 1 1 8000 1 5 2.97103966096362 5 1000 19602 5
"602" "W" 0.02 -0.7425 0.95875 1 1 8000 1 5 0.042124926300671 5 1000 19849 5
"603" "W" 0.02 -0.12375 1 1 1 8000 1 5 0 5 1000 19475 5
"604" "W" 0.002 -0.86625 0.54625 1 1 8000 1 5 0.604678532572337 5 1000 19289 5
"605" "W" 0.002 -0.7425 0.5875 1 1 8000 1 5 0.531879032963823 5 1000 19215 5
"606" "W" 0.002 -0.86625 0.505 1 1 8000 1 5 0.683196849706777 5 1000 19288 5
"607" "W" 0.002 -0.86625 0.01 1 1 8000 1 5 4.60517018598809 5 1000 19276 5
"608" "W" 0.02 -0.66 0.9175 1 1 8000 1 5 0.0861026990534116 5 1000 19798 5
"609" "W" 0.02 -0.165 0.62875 1 1 8000 1 5 0.464021557568188 5 1000 19491 5
"610" "W" 0.002 -0.53625 0.62875 1 1 8000 1 5 0.464021557568188 5 1000 19091 5
"611" "W" 0.02 -0.28875 0.87625 1 1 8000 1 5 0.132103840633337 5 1000 19572 5
"612" "W" 0.02 -0.66 0.7525 1 1 8000 1 5 0.284354282359106 5 1000 19794 5
"613" "W" 0.002 -0.70125 0.62875 1 1 8000 1 5 0.464021557568188 5 1000 19191 5
"614" "W" 0.002 -0.825 0.71125 1 1 8000 1 5 0.340731293541596 5 1000 19268 5
"615" "W" 0.002 0 0.46375 1 1 8000 1 5 0.768409665060492 5 1000 18762 5
"616" "W" 0.002 0 0.175 1 1 8000 1 5 1.74296930505862 5 1000 18755 5
"617" "W" 0.002 -0.20625 0.9175 1 1 8000 1 5 0.0861026990534116 5 1000 18898 5
"618" "W" 0.02 -0.2475 0.46375 1 1 8000 1 5 0.768409665060492 5 1000 19537 5
"619" "W" 0.02 -0.86625 0.175 1 1 8000 1 5 1.74296930505862 5 1000 19905 5
"620" "W" 0.002 -0.45375 0.21625 1 1 8000 1 5 1.53132013317015 5 1000 19031 5
"621" "W" 0.002 -0.7425 0.21625 1 1 8000 1 5 1.53132013317015 5 1000 19206 5
"622" "W" 0.002 -0.165 0.0925 1 1 8000 1 5 2.38054663446376 5 1000 18853 5
"623" "W" 0.002 -0.2475 0.01 1 1 8000 1 5 4.60517018598809 5 1000 18901 5
"624" "W" 0.002 -0.7425 0.38125 1 1 8000 1 5 0.964299951060516 5 1000 19210 5
"625" "W" 0.002 -0.45375 0.95875 1 1 8000 1 5 0.042124926300671 5 1000 19049 5
"626" "W" 0.002 -0.825 0.95875 1 1 8000 1 5 0.042124926300671 5 1000 19274 5
"627" "W" 0.02 -0.99 0.62875 1 1 8000 1 5 0.464021557568188 5 1000 19991 5
"628" "W" 0.02 -0.61875 0.34 1 1 8000 1 5 1.07880966137193 5 1000 19759 5
"629" "W" 0.002 -0.94875 0.62875 1 1 8000 1 5 0.464021557568188 5 1000 19341 5
"630" "W" 0.002 -0.04125 0.0925 1 1 8000 1 5 2.38054663446376 5 1000 18778 5
"631" "W" 0.02 -0.53625 0.0925 1 1 8000 1 5 2.38054663446376 5 1000 19703 5
"632" "W" 0.002 -0.37125 0.05125 1 1 8000 1 5 2.97103966096362 5 1000 18977 5
"633" "W" 0.002 -0.495 0.95875 1 1 8000 1 5 0.042124926300671 5 1000 19074 5
"634" "W" 0.02 -0.4125 0.71125 1 1 8000 1 5 0.340731293541596 5 1000 19643 5
"635" "W" 0.002 -0.53625 0.4225 1 1 8000 1 5 0.861565832184908 5 1000 19086 5
"636" "W" 0.02 -0.37125 1 1 1 8000 1 5 0 5 1000 19625 5
"637" "W" 0.02 -0.45375 0.95875 1 1 8000 1 5 0.042124926300671 5 1000 19674 5
"638" "W" 0.02 -0.61875 0.21625 1 1 8000 1 5 1.53132013317015 5 1000 19756 5
"639" "W" 0.02 -0.45375 0.05125 1 1 8000 1 5 2.97103966096362 5 1000 19652 5
"640" "W" 0.02 -0.70125 0.95875 1 1 8000 1 5 0.042124926300671 5 1000 19824 5
"641" "W" 0.02 -0.33 0.21625 1 1 8000 1 5 1.53132013317015 5 1000 19581 5
"642" "W" 0.02 -0.45375 0.5875 1 1 8000 1 5 0.531879032963823 5 1000 19665 5
"643" "W" 0.02 -0.86625 0.505 1 1 8000 1 5 0.683196849706777 5 1000 19913 5
"644" "W" 0.02 -0.66 0.87625 1 1 8000 1 5 0.132103840633337 5 1000 19797 5
"645" "W" 0.02 -0.61875 0.175 1 1 8000 1 5 1.74296930505862 5 1000 19755 5
"646" "W" 0.02 -0.61875 0.79375 1 1 8000 1 5 0.230986728775236 5 1000 19770 5
"647" "W" 0.002 -0.495 0.67 1 1 8000 1 5 0.400477566597125 5 1000 19067 5
"648" "W" 0.002 -0.99 0.13375 1 1 8000 1 5 2.01178289320602 5 1000 19354 5
"649" "W" 0.02 -0.99 0.95875 1 1 8000 1 5 0.042124926300671 5 1000 19999 5
"650" "W" 0.02 -0.4125 0.175 1 1 8000 1 5 1.74296930505862 5 1000 19630 5
"651" "W" 0.002 -0.0825 0.2575 1 1 8000 1 5 1.35673555887835 5 1000 18807 5
"652" "W" 0.02 -0.53625 0.79375 1 1 8000 1 5 0.230986728775236 5 1000 19720 5
"653" "W" 0.002 -0.33 0.4225 1 1 8000 1 5 0.861565832184908 5 1000 18961 5
"654" "W" 0.002 -0.99 0.505 1 1 8000 1 5 0.683196849706777 5 1000 19363 5
"655" "W" 0.02 -0.20625 0.835 1 1 8000 1 5 0.180323554131281 5 1000 19521 5
"656" "W" 0.002 -0.94875 0.71125 1 1 8000 1 5 0.340731293541596 5 1000 19343 5
"657" "W" 0.02 -0.7425 0.2575 1 1 8000 1 5 1.35673555887835 5 1000 19832 5
"658" "W" 0.02 -0.28875 0.13375 1 1 8000 1 5 2.01178289320602 5 1000 19554 5
"659" "W" 0.002 -0.9075 0.46375 1 1 8000 1 5 0.768409665060492 5 1000 19312 5
"660" "W" 0.002 -0.37125 0.95875 1 1 8000 1 5 0.042124926300671 5 1000 18999 5
"661" "W" 0.002 -0.20625 0.0925 1 1 8000 1 5 2.38054663446376 5 1000 18878 5
"662" "W" 0.02 -0.7425 0.7525 1 1 8000 1 5 0.284354282359106 5 1000 19844 5
"663" "W" 0.02 -0.04125 0.67 1 1 8000 1 5 0.400477566597125 5 1000 19417 5
"664" "W" 0.002 -0.4125 0.62875 1 1 8000 1 5 0.464021557568188 5 1000 19016 5
"665" "W" 0.02 -0.825 0.9175 1 1 8000 1 5 0.0861026990534116 5 1000 19898 5
"666" "W" 0.002 -0.165 0.87625 1 1 8000 1 5 0.132103840633337 5 1000 18872 5
"667" "W" 0.002 -0.04125 0.54625 1 1 8000 1 5 0.604678532572337 5 1000 18789 5
"668" "W" 0.02 -0.5775 0.5875 1 1 8000 1 5 0.531879032963823 5 1000 19740 5
"669" "W" 0.002 -0.825 0.21625 1 1 8000 1 5 1.53132013317015 5 1000 19256 5
"670" "W" 0.02 -0.70125 0.175 1 1 8000 1 5 1.74296930505862 5 1000 19805 5
"671" "W" 0.002 -0.495 0.21625 1 1 8000 1 5 1.53132013317015 5 1000 19056 5
"672" "W" 0.02 -0.0825 0.34 1 1 8000 1 5 1.07880966137193 5 1000 19434 5
"673" "W" 0.002 -0.4125 0.7525 1 1 8000 1 5 0.284354282359106 5 1000 19019 5
"674" "W" 0.002 -0.28875 0.54625 1 1 8000 1 5 0.604678532572337 5 1000 18939 5
"675" "W" 0.002 -0.28875 0.05125 1 1 8000 1 5 2.97103966096362 5 1000 18927 5
"676" "W" 0.02 -0.45375 0.01 1 1 8000 1 5 4.60517018598809 5 1000 19651 5
"677" "W" 0.02 -0.70125 0.2575 1 1 8000 1 5 1.35673555887835 5 1000 19807 5
"678" "W" 0.002 -0.86625 0.79375 1 1 8000 1 5 0.230986728775236 5 1000 19295 5
"679" "W" 0.02 -0.61875 0.01 1 1 8000 1 5 4.60517018598809 5 1000 19751 5
"680" "W" 0.02 -0.66 0.38125 1 1 8000 1 5 0.964299951060516 5 1000 19785 5
"681" "W" 0.002 -0.5775 0.175 1 1 8000 1 5 1.74296930505862 5 1000 19105 5
"682" "W" 0.02 -0.99 0.87625 1 1 8000 1 5 0.132103840633337 5 1000 19997 5
"683" "W" 0.02 0 0.46375 1 1 8000 1 5 0.768409665060492 5 1000 19387 5
"684" "W" 0.002 -0.4125 0.05125 1 1 8000 1 5 2.97103966096362 5 1000 19002 5
"685" "W" 0.02 -0.165 0.46375 1 1 8000 1 5 0.768409665060492 5 1000 19487 5
"686" "W" 0.02 -0.78375 0.38125 1 1 8000 1 5 0.964299951060516 5 1000 19860 5
"687" "W" 0.002 -0.45375 1 1 1 8000 1 5 0 5 1000 19050 5
"688" "W" 0.02 -0.45375 0.79375 1 1 8000 1 5 0.230986728775236 5 1000 19670 5
"689" "W" 0.002 -0.7425 0.95875 1 1 8000 1 5 0.042124926300671 5 1000 19224 5
"690" "W" 0.02 -0.66 0.29875 1 1 8000 1 5 1.20814817573642 5 1000 19783 5
"691" "W" 0.02 -0.28875 0.46375 1 1 8000 1 5 0.768409665060492 5 1000 19562 5
"692" "W" 0.02 -0.94875 0.13375 1 1 8000 1 5 2.01178289320602 5 1000 19954 5
"693" "W" 0.02 -0.04125 0.62875 1 1 8000 1 5 0.464021557568188 5 1000 19416 5
"694" "W" 0.002 -0.12375 0.95875 1 1 8000 1 5 0.042124926300671 5 1000 18849 5
"695" "W" 0.02 -0.4125 0.13375 1 1 8000 1 5 2.01178289320602 5 1000 19629 5
"696" "W" 0.002 -0.53625 0.79375 1 1 8000 1 5 0.230986728775236 5 1000 19095 5
"697" "W" 0.002 -0.53625 0.87625 1 1 8000 1 5 0.132103840633337 5 1000 19097 5
"698" "W" 0.02 -0.61875 0.4225 1 1 8000 1 5 0.861565832184908 5 1000 19761 5
"699" "W" 0.02 -0.5775 0.7525 1 1 8000 1 5 0.284354282359106 5 1000 19744 5
"700" "W" 0.002 -0.61875 0.62875 1 1 8000 1 5 0.464021557568188 5 1000 19141 5
"701" "W" 0.002 -0.28875 0.9175 1 1 8000 1 5 0.0861026990534116 5 1000 18948 5
"702" "W" 0.02 -0.495 0.54625 1 1 8000 1 5 0.604678532572337 5 1000 19689 5
"703" "W" 0.002 -0.825 0.9175 1 1 8000 1 5 0.0861026990534116 5 1000 19273 5
"704" "W" 0.02 -0.45375 0.38125 1 1 8000 1 5 0.964299951060516 5 1000 19660 5
"705" "W" 0.002 -0.165 0.5875 1 1 8000 1 5 0.531879032963823 5 1000 18865 5
"706" "W" 0.02 -0.4125 0.9175 1 1 8000 1 5 0.0861026990534116 5 1000 19648 5
"707" "W" 0.02 -0.78375 0.2575 1 1 8000 1 5 1.35673555887835 5 1000 19857 5
"708" "W" 0.002 -0.9075 1 1 1 8000 1 5 0 5 1000 19325 5
"709" "W" 0.02 -0.70125 0.38125 1 1 8000 1 5 0.964299951060516 5 1000 19810 5
"710" "W" 0.02 -0.66 0.01 1 1 8000 1 5 4.60517018598809 5 1000 19776 5
"711" "W" 0.02 -0.165 0.4225 1 1 8000 1 5 0.861565832184908 5 1000 19486 5
"712" "W" 0.02 -0.33 0.38125 1 1 8000 1 5 0.964299951060516 5 1000 19585 5
"713" "W" 0.002 -0.04125 0.71125 1 1 8000 1 5 0.340731293541596 5 1000 18793 5
"714" "W" 0.02 -0.94875 0.38125 1 1 8000 1 5 0.964299951060516 5 1000 19960 5
"715" "W" 0.02 -0.28875 0.05125 1 1 8000 1 5 2.97103966096362 5 1000 19552 5
"716" "W" 0.02 -0.0825 0.835 1 1 8000 1 5 0.180323554131281 5 1000 19446 5
"717" "W" 0.002 -0.28875 0.62875 1 1 8000 1 5 0.464021557568188 5 1000 18941 5
"718" "W" 0.02 -0.37125 0.5875 1 1 8000 1 5 0.531879032963823 5 1000 19615 5
"719" "W" 0.002 -0.4125 1 1 1 8000 1 5 0 5 1000 19025 5
"720" "W" 0.02 -0.825 0.505 1 1 8000 1 5 0.683196849706777 5 1000 19888 5
"721" "W" 0.002 -0.165 0.34 1 1 8000 1 5 1.07880966137193 5 1000 18859 5
"722" "W" 0.02 -0.99 1 1 1 8000 1 5 0 5 1000 20000 5
"723" "W" 0.02 -0.94875 0.5875 1 1 8000 1 5 0.531879032963823 5 1000 19965 5
"724" "W" 0.002 -0.04125 0.175 1 1 8000 1 5 1.74296930505862 5 1000 18780 5
"725" "W" 0.002 -0.5775 0.67 1 1 8000 1 5 0.400477566597125 5 1000 19117 5
"726" "W" 0.002 -0.78375 0.38125 1 1 8000 1 5 0.964299951060516 5 1000 19235 5
"727" "W" 0.002 -0.94875 0.95875 1 1 8000 1 5 0.042124926300671 5 1000 19349 5
"728" "W" 0.002 -0.28875 0.7525 1 1 8000 1 5 0.284354282359106 5 1000 18944 5
"729" "W" 0.02 -0.165 0.87625 1 1 8000 1 5 0.132103840633337 5 1000 19497 5
"730" "W" 0.02 -0.28875 0.71125 1 1 8000 1 5 0.340731293541596 5 1000 19568 5
"731" "W" 0.002 -0.70125 1 1 1 8000 1 5 0 5 1000 19200 5
"732" "W" 0.02 -0.66 0.5875 1 1 8000 1 5 0.531879032963823 5 1000 19790 5
"733" "W" 0.002 -0.66 0.87625 1 1 8000 1 5 0.132103840633337 5 1000 19172 5
"734" "W" 0.002 -0.53625 0.67 1 1 8000 1 5 0.400477566597125 5 1000 19092 5
"735" "W" 0.02 -0.66 0.34 1 1 8000 1 5 1.07880966137193 5 1000 19784 5
"736" "W" 0.02 -0.70125 0.835 1 1 8000 1 5 0.180323554131281 5 1000 19821 5
"737" "W" 0.02 -0.86625 0.05125 1 1 8000 1 5 2.97103966096362 5 1000 19902 5
"738" "W" 0.02 -0.53625 0.34 1 1 8000 1 5 1.07880966137193 5 1000 19709 5
"739" "W" 0.02 -0.0825 0.0925 1 1 8000 1 5 2.38054663446376 5 1000 19428 5
"740" "W" 0.002 -0.165 0.67 1 1 8000 1 5 0.400477566597125 5 1000 18867 5
"741" "W" 0.002 -0.28875 0.13375 1 1 8000 1 5 2.01178289320602 5 1000 18929 5
"742" "W" 0.02 -0.165 0.29875 1 1 8000 1 5 1.20814817573642 5 1000 19483 5
"743" "W" 0.02 0 0.54625 1 1 8000 1 5 0.604678532572337 5 1000 19389 5
"744" "W" 0.002 -0.45375 0.38125 1 1 8000 1 5 0.964299951060516 5 1000 19035 5
"745" "W" 0.002 -0.9075 0.5875 1 1 8000 1 5 0.531879032963823 5 1000 19315 5
"746" "W" 0.002 -0.2475 0.95875 1 1 8000 1 5 0.042124926300671 5 1000 18924 5
"747" "W" 0.002 -0.66 0.67 1 1 8000 1 5 0.400477566597125 5 1000 19167 5
"748" "W" 0.002 -0.5775 0.71125 1 1 8000 1 5 0.340731293541596 5 1000 19118 5
"749" "W" 0.02 -0.04125 0.01 1 1 8000 1 5 4.60517018598809 5 1000 19401 5
"750" "W" 0.02 -0.0825 0.71125 1 1 8000 1 5 0.340731293541596 5 1000 19443 5
"751" "W" 0.002 -0.04125 0.05125 1 1 8000 1 5 2.97103966096362 5 1000 18777 5
"752" "W" 0.02 -0.53625 0.29875 1 1 8000 1 5 1.20814817573642 5 1000 19708 5
"753" "W" 0.02 -0.20625 0.95875 1 1 8000 1 5 0.042124926300671 5 1000 19524 5
"754" "W" 0.02 -0.53625 0.54625 1 1 8000 1 5 0.604678532572337 5 1000 19714 5
"755" "W" 0.02 -0.61875 0.29875 1 1 8000 1 5 1.20814817573642 5 1000 19758 5
"756" "W" 0.002 -0.70125 0.4225 1 1 8000 1 5 0.861565832184908 5 1000 19186 5
"757" "W" 0.002 -0.495 0.34 1 1 8000 1 5 1.07880966137193 5 1000 19059 5
"758" "W" 0.02 -0.37125 0.4225 1 1 8000 1 5 0.861565832184908 5 1000 19611 5
"759" "W" 0.02 -0.12375 0.9175 1 1 8000 1 5 0.0861026990534116 5 1000 19473 5
"760" "W" 0.02 -0.7425 0.29875 1 1 8000 1 5 1.20814817573642 5 1000 19833 5
"761" "W" 0.002 -0.61875 0.9175 1 1 8000 1 5 0.0861026990534116 5 1000 19148 5
"762" "W" 0.002 -0.53625 0.175 1 1 8000 1 5 1.74296930505862 5 1000 19080 5
"763" "W" 0.02 -0.70125 0.62875 1 1 8000 1 5 0.464021557568188 5 1000 19816 5
"764" "W" 0.02 -0.28875 0.01 1 1 8000 1 5 4.60517018598809 5 1000 19551 5
"765" "W" 0.002 -0.9075 0.29875 1 1 8000 1 5 1.20814817573642 5 1000 19308 5
"766" "W" 0.002 -0.165 0.38125 1 1 8000 1 5 0.964299951060516 5 1000 18860 5
"767" "W" 0.002 -0.61875 0.95875 1 1 8000 1 5 0.042124926300671 5 1000 19149 5
"768" "W" 0.002 -0.78375 0.62875 1 1 8000 1 5 0.464021557568188 5 1000 19241 5
"769" "W" 0.002 -0.9075 0.95875 1 1 8000 1 5 0.042124926300671 5 1000 19324 5
"770" "W" 0.002 -0.7425 0.62875 1 1 8000 1 5 0.464021557568188 5 1000 19216 5
"771" "W" 0.02 -0.20625 0.0925 1 1 8000 1 5 2.38054663446376 5 1000 19503 5
"772" "W" 0.002 -0.37125 0.29875 1 1 8000 1 5 1.20814817573642 5 1000 18983 5
"773" "W" 0.02 -0.2475 0.71125 1 1 8000 1 5 0.340731293541596 5 1000 19543 5
"774" "W" 0.02 -0.165 0.9175 1 1 8000 1 5 0.0861026990534116 5 1000 19498 5
"775" "W" 0.002 -0.5775 1 1 1 8000 1 5 0 5 1000 19125 5
"776" "W" 0.002 -0.495 0.62875 1 1 8000 1 5 0.464021557568188 5 1000 19066 5
"777" "W" 0.02 -0.99 0.54625 1 1 8000 1 5 0.604678532572337 5 1000 19989 5
"778" "W" 0.02 -0.7425 0.87625 1 1 8000 1 5 0.132103840633337 5 1000 19847 5
"779" "W" 0.002 0 0.505 1 1 8000 1 5 0.683196849706777 5 1000 18763 5
"780" "W" 0.002 -0.86625 0.87625 1 1 8000 1 5 0.132103840633337 5 1000 19297 5
"781" "W" 0.02 -0.33 0.13375 1 1 8000 1 5 2.01178289320602 5 1000 19579 5
"782" "W" 0.02 -0.70125 0.54625 1 1 8000 1 5 0.604678532572337 5 1000 19814 5
"783" "W" 0.002 -0.0825 0.13375 1 1 8000 1 5 2.01178289320602 5 1000 18804 5
"784" "W" 0.002 -0.37125 0.505 1 1 8000 1 5 0.683196849706777 5 1000 18988 5
"785" "W" 0.002 -0.04125 0.01 1 1 8000 1 5 4.60517018598809 5 1000 18776 5
"786" "W" 0.002 -0.53625 0.46375 1 1 8000 1 5 0.768409665060492 5 1000 19087 5
"787" "W" 0.002 -0.12375 1 1 1 8000 1 5 0 5 1000 18850 5
"788" "W" 0.02 -0.12375 0.79375 1 1 8000 1 5 0.230986728775236 5 1000 19470 5
"789" "W" 0.002 -0.12375 0.54625 1 1 8000 1 5 0.604678532572337 5 1000 18839 5
"790" "W" 0.002 -0.78375 0.13375 1 1 8000 1 5 2.01178289320602 5 1000 19229 5
"791" "W" 0.002 -0.70125 0.175 1 1 8000 1 5 1.74296930505862 5 1000 19180 5
"792" "W" 0.002 -0.2475 0.21625 1 1 8000 1 5 1.53132013317015 5 1000 18906 5
"793" "W" 0.002 -0.78375 0.95875 1 1 8000 1 5 0.042124926300671 5 1000 19249 5
"794" "W" 0.002 -0.66 0.0925 1 1 8000 1 5 2.38054663446376 5 1000 19153 5
"795" "W" 0.002 -0.20625 0.62875 1 1 8000 1 5 0.464021557568188 5 1000 18891 5
"796" "W" 0.002 0 0.79375 1 1 8000 1 5 0.230986728775236 5 1000 18770 5
"797" "W" 0.002 -0.165 0.01 1 1 8000 1 5 4.60517018598809 5 1000 18851 5
"798" "W" 0.002 -0.37125 0.2575 1 1 8000 1 5 1.35673555887835 5 1000 18982 5
"799" "W" 0.002 0 0.7525 1 1 8000 1 5 0.284354282359106 5 1000 18769 5
"800" "W" 0.002 -0.0825 0.54625 1 1 8000 1 5 0.604678532572337 5 1000 18814 5
"801" "W" 0.02 -0.28875 0.54625 1 1 8000 1 5 0.604678532572337 5 1000 19564 5
"802" "W" 0.002 -0.2475 0.05125 1 1 8000 1 5 2.97103966096362 5 1000 18902 5
"803" "W" 0.02 -0.86625 0.34 1 1 8000 1 5 1.07880966137193 5 1000 19909 5
"804" "W" 0.002 0 0.87625 1 1 8000 1 5 0.132103840633337 5 1000 18772 5
"805" "W" 0.02 -0.94875 0.175 1 1 8000 1 5 1.74296930505862 5 1000 19955 5
"806" "W" 0.02 -0.28875 0.5875 1 1 8000 1 5 0.531879032963823 5 1000 19565 5
"807" "W" 0.02 -0.12375 0.01 1 1 8000 1 5 4.60517018598809 5 1000 19451 5
"808" "W" 0.002 -0.70125 0.0925 1 1 8000 1 5 2.38054663446376 5 1000 19178 5
"809" "W" 0.02 -0.2475 0.0925 1 1 8000 1 5 2.38054663446376 5 1000 19528 5
"810" "W" 0.002 0 0.21625 1 1 8000 1 5 1.53132013317015 5 1000 18756 5
"811" "W" 0.002 -0.495 0.46375 1 1 8000 1 5 0.768409665060492 5 1000 19062 5
"812" "W" 0.002 -0.37125 0.62875 1 1 8000 1 5 0.464021557568188 5 1000 18991 5
"813" "W" 0.002 -0.9075 0.4225 1 1 8000 1 5 0.861565832184908 5 1000 19311 5
"814" "W" 0.02 -0.86625 0.5875 1 1 8000 1 5 0.531879032963823 5 1000 19915 5
"815" "W" 0.002 -0.61875 0.505 1 1 8000 1 5 0.683196849706777 5 1000 19138 5
"816" "W" 0.02 -0.4125 0.2575 1 1 8000 1 5 1.35673555887835 5 1000 19632 5
"817" "W" 0.02 -0.04125 0.175 1 1 8000 1 5 1.74296930505862 5 1000 19405 5
"818" "W" 0.02 -0.37125 0.2575 1 1 8000 1 5 1.35673555887835 5 1000 19607 5
"819" "W" 0.02 -0.9075 0.62875 1 1 8000 1 5 0.464021557568188 5 1000 19941 5
"820" "W" 0.02 -0.495 0.175 1 1 8000 1 5 1.74296930505862 5 1000 19680 5
"821" "W" 0.02 -0.12375 0.175 1 1 8000 1 5 1.74296930505862 5 1000 19455 5
"822" "W" 0.02 -0.9075 0.71125 1 1 8000 1 5 0.340731293541596 5 1000 19943 5
"823" "W" 0.02 -0.70125 0.5875 1 1 8000 1 5 0.531879032963823 5 1000 19815 5
"824" "W" 0.002 -0.7425 0.79375 1 1 8000 1 5 0.230986728775236 5 1000 19220 5
"825" "W" 0.002 -0.66 0.835 1 1 8000 1 5 0.180323554131281 5 1000 19171 5
"826" "W" 0.02 -0.4125 0.4225 1 1 8000 1 5 0.861565832184908 5 1000 19636 5
"827" "W" 0.002 -0.5775 0.2575 1 1 8000 1 5 1.35673555887835 5 1000 19107 5
"828" "W" 0.02 -0.37125 0.01 1 1 8000 1 5 4.60517018598809 5 1000 19601 5
"829" "W" 0.002 -0.2475 0.5875 1 1 8000 1 5 0.531879032963823 5 1000 18915 5
"830" "W" 0.002 -0.20625 0.46375 1 1 8000 1 5 0.768409665060492 5 1000 18887 5
"831" "W" 0.02 -0.86625 0.835 1 1 8000 1 5 0.180323554131281 5 1000 19921 5
"832" "W" 0.02 -0.9075 0.38125 1 1 8000 1 5 0.964299951060516 5 1000 19935 5
"833" "W" 0.02 -0.4125 0.95875 1 1 8000 1 5 0.042124926300671 5 1000 19649 5
"834" "W" 0.002 -0.0825 0.21625 1 1 8000 1 5 1.53132013317015 5 1000 18806 5
"835" "W" 0.002 -0.0825 0.9175 1 1 8000 1 5 0.0861026990534116 5 1000 18823 5
"836" "W" 0.002 -0.61875 0.5875 1 1 8000 1 5 0.531879032963823 5 1000 19140 5
"837" "W" 0.002 -0.70125 0.835 1 1 8000 1 5 0.180323554131281 5 1000 19196 5
"838" "W" 0.02 -0.37125 0.46375 1 1 8000 1 5 0.768409665060492 5 1000 19612 5
"839" "W" 0.002 -0.7425 0.67 1 1 8000 1 5 0.400477566597125 5 1000 19217 5
"840" "W" 0.02 -0.9075 0.2575 1 1 8000 1 5 1.35673555887835 5 1000 19932 5
"841" "W" 0.02 -0.0825 0.5875 1 1 8000 1 5 0.531879032963823 5 1000 19440 5
"842" "W" 0.002 -0.37125 0.71125 1 1 8000 1 5 0.340731293541596 5 1000 18993 5
"843" "W" 0.002 -0.94875 0.175 1 1 8000 1 5 1.74296930505862 5 1000 19330 5
"844" "W" 0.002 -0.70125 0.05125 1 1 8000 1 5 2.97103966096362 5 1000 19177 5
"845" "W" 0.002 -0.45375 0.505 1 1 8000 1 5 0.683196849706777 5 1000 19038 5
"846" "W" 0.02 -0.20625 0.05125 1 1 8000 1 5 2.97103966096362 5 1000 19502 5
"847" "W" 0.02 -0.61875 0.38125 1 1 8000 1 5 0.964299951060516 5 1000 19760 5
"848" "W" 0.002 -0.825 0.67 1 1 8000 1 5 0.400477566597125 5 1000 19267 5
"849" "W" 0.02 -0.7425 0.62875 1 1 8000 1 5 0.464021557568188 5 1000 19841 5
"850" "W" 0.02 -0.94875 0.505 1 1 8000 1 5 0.683196849706777 5 1000 19963 5
"851" "W" 0.002 -0.165 0.835 1 1 8000 1 5 0.180323554131281 5 1000 18871 5
"852" "W" 0.02 -0.53625 0.9175 1 1 8000 1 5 0.0861026990534116 5 1000 19723 5
"853" "W" 0.002 -0.4125 0.835 1 1 8000 1 5 0.180323554131281 5 1000 19021 5
"854" "W" 0.02 -0.20625 0.505 1 1 8000 1 5 0.683196849706777 5 1000 19513 5
"855" "W" 0.002 -0.78375 0.4225 1 1 8000 1 5 0.861565832184908 5 1000 19236 5
"856" "W" 0.02 -0.37125 0.29875 1 1 8000 1 5 1.20814817573642 5 1000 19608 5
"857" "W" 0.02 -0.66 0.79375 1 1 8000 1 5 0.230986728775236 5 1000 19795 5
"858" "W" 0.02 -0.04125 0.05125 1 1 8000 1 5 2.97103966096362 5 1000 19402 5
"859" "W" 0.002 -0.78375 0.9175 1 1 8000 1 5 0.0861026990534116 5 1000 19248 5
"860" "W" 0.02 -0.45375 0.175 1 1 8000 1 5 1.74296930505862 5 1000 19655 5
"861" "W" 0.02 -0.825 0.05125 1 1 8000 1 5 2.97103966096362 5 1000 19877 5
"862" "W" 0.02 -0.495 0.34 1 1 8000 1 5 1.07880966137193 5 1000 19684 5
"863" "W" 0.02 -0.99 0.4225 1 1 8000 1 5 0.861565832184908 5 1000 19986 5
"864" "W" 0.02 -0.70125 0.67 1 1 8000 1 5 0.400477566597125 5 1000 19817 5
"865" "W" 0.02 -0.33 0.29875 1 1 8000 1 5 1.20814817573642 5 1000 19583 5
"866" "W" 0.002 0 0.54625 1 1 8000 1 5 0.604678532572337 5 1000 18764 5
"867" "W" 0.02 -0.825 0.29875 1 1 8000 1 5 1.20814817573642 5 1000 19883 5
"868" "W" 0.02 -0.9075 0.9175 1 1 8000 1 5 0.0861026990534116 5 1000 19948 5
"869" "W" 0.002 -0.825 0.2575 1 1 8000 1 5 1.35673555887835 5 1000 19257 5
"870" "W" 0.002 -0.04125 0.34 1 1 8000 1 5 1.07880966137193 5 1000 18784 5
"871" "W" 0.02 -0.45375 0.4225 1 1 8000 1 5 0.861565832184908 5 1000 19661 5
"872" "W" 0.002 -0.99 0.4225 1 1 8000 1 5 0.861565832184908 5 1000 19361 5
"873" "W" 0.02 -0.28875 0.21625 1 1 8000 1 5 1.53132013317015 5 1000 19556 5
"874" "W" 0.02 -0.5775 0.175 1 1 8000 1 5 1.74296930505862 5 1000 19730 5
"875" "W" 0.002 -0.66 0.175 1 1 8000 1 5 1.74296930505862 5 1000 19155 5
"876" "W" 0.02 -0.12375 0.67 1 1 8000 1 5 0.400477566597125 5 1000 19467 5
"877" "W" 0.02 -0.04125 0.4225 1 1 8000 1 5 0.861565832184908 5 1000 19411 5
"878" "W" 0.002 -0.12375 0.175 1 1 8000 1 5 1.74296930505862 5 1000 18830 5
"879" "W" 0.002 -0.53625 0.13375 1 1 8000 1 5 2.01178289320602 5 1000 19079 5
"880" "W" 0.002 -0.99 0.71125 1 1 8000 1 5 0.340731293541596 5 1000 19368 5
"881" "W" 0.02 -0.2475 0.34 1 1 8000 1 5 1.07880966137193 5 1000 19534 5
"882" "W" 0.002 -0.86625 0.4225 1 1 8000 1 5 0.861565832184908 5 1000 19286 5
"883" "W" 0.002 -0.12375 0.4225 1 1 8000 1 5 0.861565832184908 5 1000 18836 5
"884" "W" 0.02 -0.86625 0.2575 1 1 8000 1 5 1.35673555887835 5 1000 19907 5
"885" "W" 0.02 -0.45375 0.13375 1 1 8000 1 5 2.01178289320602 5 1000 19654 5
"886" "W" 0.002 -0.28875 0.95875 1 1 8000 1 5 0.042124926300671 5 1000 18949 5
"887" "W" 0.002 -0.2475 0.62875 1 1 8000 1 5 0.464021557568188 5 1000 18916 5
"888" "W" 0.002 -0.9075 0.13375 1 1 8000 1 5 2.01178289320602 5 1000 19304 5
"889" "W" 0.002 -0.4125 0.87625 1 1 8000 1 5 0.132103840633337 5 1000 19022 5
"890" "W" 0.002 -0.37125 0.34 1 1 8000 1 5 1.07880966137193 5 1000 18984 5
"891" "W" 0.002 -0.86625 0.835 1 1 8000 1 5 0.180323554131281 5 1000 19296 5
"892" "W" 0.002 -0.9075 0.175 1 1 8000 1 5 1.74296930505862 5 1000 19305 5
"893" "W" 0.02 -0.78375 0.62875 1 1 8000 1 5 0.464021557568188 5 1000 19866 5
"894" "W" 0.002 -0.7425 0.4225 1 1 8000 1 5 0.861565832184908 5 1000 19211 5
"895" "W" 0.02 -0.94875 0.34 1 1 8000 1 5 1.07880966137193 5 1000 19959 5
"896" "W" 0.002 -0.53625 0.835 1 1 8000 1 5 0.180323554131281 5 1000 19096 5
"897" "W" 0.02 -0.7425 0.13375 1 1 8000 1 5 2.01178289320602 5 1000 19829 5
"898" "W" 0.02 -0.78375 0.71125 1 1 8000 1 5 0.340731293541596 5 1000 19868 5
"899" "W" 0.02 -0.165 0.34 1 1 8000 1 5 1.07880966137193 5 1000 19484 5
"900" "W" 0.002 -0.61875 0.54625 1 1 8000 1 5 0.604678532572337 5 1000 19139 5
"901" "W" 0.02 -0.495 0.7525 1 1 8000 1 5 0.284354282359106 5 1000 19694 5
"902" "W" 0.02 -0.70125 0.05125 1 1 8000 1 5 2.97103966096362 5 1000 19802 5
"903" "W" 0.002 -0.78375 0.21625 1 1 8000 1 5 1.53132013317015 5 1000 19231 5
"904" "W" 0.002 -0.94875 1 1 1 8000 1 5 0 5 1000 19350 5
"905" "W" 0.02 -0.04125 0.5875 1 1 8000 1 5 0.531879032963823 5 1000 19415 5
"906" "W" 0.002 -0.66 0.01 1 1 8000 1 5 4.60517018598809 5 1000 19151 5
"907" "W" 0.002 -0.5775 0.505 1 1 8000 1 5 0.683196849706777 5 1000 19113 5
"908" "W" 0.002 -0.94875 0.54625 1 1 8000 1 5 0.604678532572337 5 1000 19339 5
"909" "W" 0.02 -0.20625 0.4225 1 1 8000 1 5 0.861565832184908 5 1000 19511 5
"910" "W" 0.02 -0.66 0.05125 1 1 8000 1 5 2.97103966096362 5 1000 19777 5
"911" "W" 0.002 -0.495 0.4225 1 1 8000 1 5 0.861565832184908 5 1000 19061 5
"912" "W" 0.002 -0.04125 0.46375 1 1 8000 1 5 0.768409665060492 5 1000 18787 5
"913" "W" 0.002 -0.94875 0.21625 1 1 8000 1 5 1.53132013317015 5 1000 19331 5
"914" "W" 0.002 -0.78375 0.87625 1 1 8000 1 5 0.132103840633337 5 1000 19247 5
"915" "W" 0.02 -0.70125 0.505 1 1 8000 1 5 0.683196849706777 5 1000 19813 5
"916" "W" 0.002 -0.495 0.2575 1 1 8000 1 5 1.35673555887835 5 1000 19057 5
"917" "W" 0.02 -0.2475 0.01 1 1 8000 1 5 4.60517018598809 5 1000 19526 5
"918" "W" 0.02 -0.78375 0.67 1 1 8000 1 5 0.400477566597125 5 1000 19867 5
"919" "W" 0.002 -0.53625 0.5875 1 1 8000 1 5 0.531879032963823 5 1000 19090 5
"920" "W" 0.002 -0.165 0.2575 1 1 8000 1 5 1.35673555887835 5 1000 18857 5
"921" "W" 0.02 -0.53625 0.7525 1 1 8000 1 5 0.284354282359106 5 1000 19719 5
"922" "W" 0.002 -0.53625 0.29875 1 1 8000 1 5 1.20814817573642 5 1000 19083 5
"923" "W" 0.002 -0.45375 0.46375 1 1 8000 1 5 0.768409665060492 5 1000 19037 5
"924" "W" 0.02 -0.66 0.0925 1 1 8000 1 5 2.38054663446376 5 1000 19778 5
"925" "W" 0.002 -0.0825 0.67 1 1 8000 1 5 0.400477566597125 5 1000 18817 5
"926" "W" 0.002 -0.20625 0.79375 1 1 8000 1 5 0.230986728775236 5 1000 18895 5
"927" "W" 0.002 -0.2475 0.9175 1 1 8000 1 5 0.0861026990534116 5 1000 18923 5
"928" "W" 0.002 -0.20625 0.38125 1 1 8000 1 5 0.964299951060516 5 1000 18885 5
"929" "W" 0.002 0 0.835 1 1 8000 1 5 0.180323554131281 5 1000 18771 5
"930" "W" 0.002 -0.66 0.9175 1 1 8000 1 5 0.0861026990534116 5 1000 19173 5
"931" "W" 0.002 -0.94875 0.9175 1 1 8000 1 5 0.0861026990534116 5 1000 19348 5
"932" "W" 0.002 -0.165 0.13375 1 1 8000 1 5 2.01178289320602 5 1000 18854 5
"933" "W" 0.002 -0.94875 0.0925 1 1 8000 1 5 2.38054663446376 5 1000 19328 5
"934" "W" 0.002 -0.33 0.46375 1 1 8000 1 5 0.768409665060492 5 1000 18962 5
"935" "W" 0.002 -0.99 0.62875 1 1 8000 1 5 0.464021557568188 5 1000 19366 5
"936" "W" 0.002 -0.495 0.9175 1 1 8000 1 5 0.0861026990534116 5 1000 19073 5
"937" "W" 0.02 -0.78375 0.05125 1 1 8000 1 5 2.97103966096362 5 1000 19852 5
"938" "W" 0.02 -0.7425 0.79375 1 1 8000 1 5 0.230986728775236 5 1000 19845 5
"939" "W" 0.02 -0.86625 0.62875 1 1 8000 1 5 0.464021557568188 5 1000 19916 5
"940" "W" 0.02 -0.94875 0.21625 1 1 8000 1 5 1.53132013317015 5 1000 19956 5
"941" "W" 0.002 -0.53625 0.95875 1 1 8000 1 5 0.042124926300671 5 1000 19099 5
"942" "W" 0.02 -0.12375 0.13375 1 1 8000 1 5 2.01178289320602 5 1000 19454 5
"943" "W" 0.002 -0.495 0.0925 1 1 8000 1 5 2.38054663446376 5 1000 19053 5
"944" "W" 0.002 -0.2475 0.71125 1 1 8000 1 5 0.340731293541596 5 1000 18918 5
"945" "W" 0.002 -0.86625 0.95875 1 1 8000 1 5 0.042124926300671 5 1000 19299 5
"946" "W" 0.002 -0.825 0.5875 1 1 8000 1 5 0.531879032963823 5 1000 19265 5
"947" "W" 0.002 -0.12375 0.05125 1 1 8000 1 5 2.97103966096362 5 1000 18827 5
"948" "W" 0.02 -0.9075 0.95875 1 1 8000 1 5 0.042124926300671 5 1000 19949 5
"949" "W" 0.02 -0.94875 0.71125 1 1 8000 1 5 0.340731293541596 5 1000 19968 5
"950" "W" 0.02 -0.53625 0.01 1 1 8000 1 5 4.60517018598809 5 1000 19701 5
"951" "W" 0.02 -0.78375 0.835 1 1 8000 1 5 0.180323554131281 5 1000 19871 5
"952" "W" 0.02 -0.12375 0.0925 1 1 8000 1 5 2.38054663446376 5 1000 19453 5
"953" "W" 0.02 -0.70125 0.4225 1 1 8000 1 5 0.861565832184908 5 1000 19811 5
"954" "W" 0.02 -0.12375 0.71125 1 1 8000 1 5 0.340731293541596 5 1000 19468 5
"955" "W" 0.002 -0.94875 0.79375 1 1 8000 1 5 0.230986728775236 5 1000 19345 5
"956" "W" 0.002 -0.0825 0.7525 1 1 8000 1 5 0.284354282359106 5 1000 18819 5
"957" "W" 0.002 -0.28875 0.79375 1 1 8000 1 5 0.230986728775236 5 1000 18945 5
"958" "W" 0.002 -0.0825 0.87625 1 1 8000 1 5 0.132103840633337 5 1000 18822 5
"959" "W" 0.02 -0.5775 0.54625 1 1 8000 1 5 0.604678532572337 5 1000 19739 5
"960" "W" 0.002 -0.165 0.71125 1 1 8000 1 5 0.340731293541596 5 1000 18868 5
"961" "W" 0.02 -0.9075 0.0925 1 1 8000 1 5 2.38054663446376 5 1000 19928 5
"962" "W" 0.002 -0.165 1 1 1 8000 1 5 0 5 1000 18875 5
"963" "W" 0.02 -0.37125 0.13375 1 1 8000 1 5 2.01178289320602 5 1000 19604 5
"964" "W" 0.02 -0.2475 0.7525 1 1 8000 1 5 0.284354282359106 5 1000 19544 5
"965" "W" 0.02 -0.61875 0.71125 1 1 8000 1 5 0.340731293541596 5 1000 19768 5
"966" "W" 0.002 -0.28875 0.0925 1 1 8000 1 5 2.38054663446376 5 1000 18928 5
"967" "W" 0.02 -0.70125 0.01 1 1 8000 1 5 4.60517018598809 5 1000 19801 5
"968" "W" 0.02 -0.70125 0.9175 1 1 8000 1 5 0.0861026990534116 5 1000 19823 5
"969" "W" 0.02 -0.61875 0.13375 1 1 8000 1 5 2.01178289320602 5 1000 19754 5
"970" "W" 0.02 -0.78375 0.13375 1 1 8000 1 5 2.01178289320602 5 1000 19854 5
"971" "W" 0.002 -0.495 0.05125 1 1 8000 1 5 2.97103966096362 5 1000 19052 5
"972" "W" 0.02 -0.12375 0.2575 1 1 8000 1 5 1.35673555887835 5 1000 19457 5
"973" "W" 0.02 -0.5775 0.62875 1 1 8000 1 5 0.464021557568188 5 1000 19741 5
"974" "W" 0.002 -0.99 0.67 1 1 8000 1 5 0.400477566597125 5 1000 19367 5
"975" "W" 0.002 -0.28875 0.01 1 1 8000 1 5 4.60517018598809 5 1000 18926 5
"976" "W" 0.02 -0.12375 0.5875 1 1 8000 1 5 0.531879032963823 5 1000 19465 5
"977" "W" 0.002 -0.825 0.175 1 1 8000 1 5 1.74296930505862 5 1000 19255 5
"978" "W" 0.02 -0.61875 0.46375 1 1 8000 1 5 0.768409665060492 5 1000 19762 5
"979" "W" 0.02 -0.99 0.67 1 1 8000 1 5 0.400477566597125 5 1000 19992 5
"980" "W" 0.02 -0.20625 0.29875 1 1 8000 1 5 1.20814817573642 5 1000 19508 5
"981" "W" 0.002 -0.78375 0.79375 1 1 8000 1 5 0.230986728775236 5 1000 19245 5
"982" "W" 0.002 -0.4125 0.54625 1 1 8000 1 5 0.604678532572337 5 1000 19014 5
"983" "W" 0.02 -0.61875 0.2575 1 1 8000 1 5 1.35673555887835 5 1000 19757 5
"984" "W" 0.02 -0.78375 0.79375 1 1 8000 1 5 0.230986728775236 5 1000 19870 5
"985" "W" 0.02 -0.20625 0.01 1 1 8000 1 5 4.60517018598809 5 1000 19501 5
"986" "W" 0.02 -0.9075 0.46375 1 1 8000 1 5 0.768409665060492 5 1000 19937 5
"987" "W" 0.002 -0.28875 0.34 1 1 8000 1 5 1.07880966137193 5 1000 18934 5
"988" "W" 0.02 -0.165 0.21625 1 1 8000 1 5 1.53132013317015 5 1000 19481 5
"989" "W" 0.002 -0.66 0.2575 1 1 8000 1 5 1.35673555887835 5 1000 19157 5
"990" "W" 0.002 -0.33 0.87625 1 1 8000 1 5 0.132103840633337 5 1000 18972 5
"991" "W" 0.002 0 0.38125 1 1 8000 1 5 0.964299951060516 5 1000 18760 5
"992" "W" 0.002 -0.37125 0.13375 1 1 8000 1 5 2.01178289320602 5 1000 18979 5
"993" "W" 0.002 -0.70125 0.21625 1 1 8000 1 5 1.53132013317015 5 1000 19181 5
"994" "W" 0.002 -0.78375 0.835 1 1 8000 1 5 0.180323554131281 5 1000 19246 5
"995" "W" 0.02 -0.04125 0.13375 1 1 8000 1 5 2.01178289320602 5 1000 19404 5
"996" "W" 0.02 0 0.34 1 1 8000 1 5 1.07880966137193 5 1000 19384 5
"997" "W" 0.002 -0.99 0.34 1 1 8000 1 5 1.07880966137193 5 1000 19359 5
"998" "W" 0.02 -0.495 0.835 1 1 8000 1 5 0.180323554131281 5 1000 19696 5
"999" "W" 0.02 -0.2475 0.4225 1 1 8000 1 5 0.861565832184908 5 1000 19536 5
"1000" "W" 0.02 0 0.5875 1 1 8000 1 5 0.531879032963823 5 1000 19390 5
"1001" "W" 0.002 -0.04125 0.87625 1 1 8000 1 5 0.132103840633337 5 1000 18797 5
"1002" "W" 0.002 -0.0825 0.4225 1 1 8000 1 5 0.861565832184908 5 1000 18811 5
"1003" "W" 0.02 -0.99 0.46375 1 1 8000 1 5 0.768409665060492 5 1000 19987 5
"1004" "W" 0.002 -0.7425 1 1 1 8000 1 5 0 5 1000 19225 5
"1005" "W" 0.02 -0.04125 0.835 1 1 8000 1 5 0.180323554131281 5 1000 19421 5
"1006" "W" 0.02 -0.53625 0.21625 1 1 8000 1 5 1.53132013317015 5 1000 19706 5
"1007" "W" 0.02 -0.9075 0.13375 1 1 8000 1 5 2.01178289320602 5 1000 19929 5
"1008" "W" 0.02 -0.86625 0.01 1 1 8000 1 5 4.60517018598809 5 1000 19901 5
"1009" "W" 0.02 0 0.4225 1 1 8000 1 5 0.861565832184908 5 1000 19386 5
"1010" "W" 0.02 -0.165 0.71125 1 1 8000 1 5 0.340731293541596 5 1000 19493 5
"1011" "W" 0.002 -0.4125 0.34 1 1 8000 1 5 1.07880966137193 5 1000 19009 5
"1012" "W" 0.002 -0.9075 0.0925 1 1 8000 1 5 2.38054663446376 5 1000 19303 5
"1013" "W" 0.002 -0.04125 0.2575 1 1 8000 1 5 1.35673555887835 5 1000 18782 5
"1014" "W" 0.002 -0.2475 1 1 1 8000 1 5 0 5 1000 18925 5
"1015" "W" 0.02 -0.70125 0.46375 1 1 8000 1 5 0.768409665060492 5 1000 19812 5
"1016" "W" 0.002 -0.37125 0.01 1 1 8000 1 5 4.60517018598809 5 1000 18976 5
"1017" "W" 0.02 -0.94875 0.01 1 1 8000 1 5 4.60517018598809 5 1000 19951 5
"1018" "W" 0.002 -0.45375 0.87625 1 1 8000 1 5 0.132103840633337 5 1000 19047 5
"1019" "W" 0.02 -0.495 0.21625 1 1 8000 1 5 1.53132013317015 5 1000 19681 5
"1020" "W" 0.002 0 1 1 1 8000 1 5 0 5 1000 18775 5
"1021" "W" 0.02 -0.45375 0.7525 1 1 8000 1 5 0.284354282359106 5 1000 19669 5
"1022" "W" 0.002 -0.78375 0.05125 1 1 8000 1 5 2.97103966096362 5 1000 19227 5
"1023" "W" 0.002 -0.2475 0.34 1 1 8000 1 5 1.07880966137193 5 1000 18909 5
"1024" "W" 0.002 -0.61875 0.175 1 1 8000 1 5 1.74296930505862 5 1000 19130 5
"1025" "W" 0.02 -0.165 0.505 1 1 8000 1 5 0.683196849706777 5 1000 19488 5
"1026" "W" 0.002 -0.37125 0.175 1 1 8000 1 5 1.74296930505862 5 1000 18980 5
"1027" "W" 0.02 -0.86625 0.13375 1 1 8000 1 5 2.01178289320602 5 1000 19904 5
"1028" "W" 0.002 -0.86625 0.34 1 1 8000 1 5 1.07880966137193 5 1000 19284 5
"1029" "W" 0.02 -0.94875 0.54625 1 1 8000 1 5 0.604678532572337 5 1000 19964 5
"1030" "W" 0.002 -0.495 0.835 1 1 8000 1 5 0.180323554131281 5 1000 19071 5
"1031" "W" 0.02 -0.2475 0.67 1 1 8000 1 5 0.400477566597125 5 1000 19542 5
"1032" "W" 0.002 -0.78375 0.505 1 1 8000 1 5 0.683196849706777 5 1000 19238 5
"1033" "W" 0.02 -0.4125 0.05125 1 1 8000 1 5 2.97103966096362 5 1000 19627 5
"1034" "W" 0.002 -0.33 0.9175 1 1 8000 1 5 0.0861026990534116 5 1000 18973 5
"1035" "W" 0.02 -0.33 0.67 1 1 8000 1 5 0.400477566597125 5 1000 19592 5
"1036" "W" 0.02 -0.5775 0.79375 1 1 8000 1 5 0.230986728775236 5 1000 19745 5
"1037" "W" 0.002 -0.78375 0.0925 1 1 8000 1 5 2.38054663446376 5 1000 19228 5
"1038" "W" 0.02 -0.70125 0.0925 1 1 8000 1 5 2.38054663446376 5 1000 19803 5
"1039" "W" 0.02 -0.7425 0.38125 1 1 8000 1 5 0.964299951060516 5 1000 19835 5
"1040" "W" 0.002 -0.33 0.0925 1 1 8000 1 5 2.38054663446376 5 1000 18953 5
"1041" "W" 0.02 -0.99 0.505 1 1 8000 1 5 0.683196849706777 5 1000 19988 5
"1042" "W" 0.002 -0.94875 0.5875 1 1 8000 1 5 0.531879032963823 5 1000 19340 5
"1043" "W" 0.002 -0.28875 0.87625 1 1 8000 1 5 0.132103840633337 5 1000 18947 5
"1044" "W" 0.002 -0.4125 0.175 1 1 8000 1 5 1.74296930505862 5 1000 19005 5
"1045" "W" 0.02 0 0.505 1 1 8000 1 5 0.683196849706777 5 1000 19388 5
"1046" "W" 0.02 -0.0825 0.9175 1 1 8000 1 5 0.0861026990534116 5 1000 19448 5
"1047" "W" 0.02 -0.7425 0.34 1 1 8000 1 5 1.07880966137193 5 1000 19834 5
"1048" "W" 0.002 -0.20625 0.95875 1 1 8000 1 5 0.042124926300671 5 1000 18899 5
"1049" "W" 0.02 -0.86625 0.67 1 1 8000 1 5 0.400477566597125 5 1000 19917 5
"1050" "W" 0.002 -0.5775 0.01 1 1 8000 1 5 4.60517018598809 5 1000 19101 5
"1051" "W" 0.002 0 0.0925 1 1 8000 1 5 2.38054663446376 5 1000 18753 5
"1052" "W" 0.02 -0.5775 0.0925 1 1 8000 1 5 2.38054663446376 5 1000 19728 5
"1053" "W" 0.02 -0.99 0.175 1 1 8000 1 5 1.74296930505862 5 1000 19980 5
"1054" "W" 0.002 -0.61875 0.05125 1 1 8000 1 5 2.97103966096362 5 1000 19127 5
"1055" "W" 0.002 -0.86625 0.38125 1 1 8000 1 5 0.964299951060516 5 1000 19285 5
"1056" "W" 0.002 -0.70125 0.7525 1 1 8000 1 5 0.284354282359106 5 1000 19194 5
"1057" "W" 0.02 -0.53625 0.4225 1 1 8000 1 5 0.861565832184908 5 1000 19711 5
"1058" "W" 0.02 -0.45375 0.2575 1 1 8000 1 5 1.35673555887835 5 1000 19657 5
"1059" "W" 0.002 -0.28875 0.71125 1 1 8000 1 5 0.340731293541596 5 1000 18943 5
"1060" "W" 0.002 -0.53625 0.2575 1 1 8000 1 5 1.35673555887835 5 1000 19082 5
"1061" "W" 0.002 -0.12375 0.67 1 1 8000 1 5 0.400477566597125 5 1000 18842 5
"1062" "W" 0.02 -0.12375 0.21625 1 1 8000 1 5 1.53132013317015 5 1000 19456 5
"1063" "W" 0.002 -0.33 0.62875 1 1 8000 1 5 0.464021557568188 5 1000 18966 5
"1064" "W" 0.002 -0.165 0.05125 1 1 8000 1 5 2.97103966096362 5 1000 18852 5
"1065" "W" 0.002 -0.20625 0.2575 1 1 8000 1 5 1.35673555887835 5 1000 18882 5
"1066" "W" 0.02 -0.99 0.38125 1 1 8000 1 5 0.964299951060516 5 1000 19985 5
"1067" "W" 0.02 -0.2475 0.9175 1 1 8000 1 5 0.0861026990534116 5 1000 19548 5
"1068" "W" 0.02 -0.495 0.13375 1 1 8000 1 5 2.01178289320602 5 1000 19679 5
"1069" "W" 0.02 -0.5775 0.05125 1 1 8000 1 5 2.97103966096362 5 1000 19727 5
"1070" "W" 0.002 -0.825 0.4225 1 1 8000 1 5 0.861565832184908 5 1000 19261 5
"1071" "W" 0.02 -0.04125 0.0925 1 1 8000 1 5 2.38054663446376 5 1000 19403 5
"1072" "W" 0.02 -0.04125 0.7525 1 1 8000 1 5 0.284354282359106 5 1000 19419 5
"1073" "W" 0.02 -0.45375 0.54625 1 1 8000 1 5 0.604678532572337 5 1000 19664 5
"1074" "W" 0.02 -0.9075 0.505 1 1 8000 1 5 0.683196849706777 5 1000 19938 5
"1075" "W" 0.002 -0.99 0.2575 1 1 8000 1 5 1.35673555887835 5 1000 19357 5
"1076" "W" 0.02 -0.20625 0.38125 1 1 8000 1 5 0.964299951060516 5 1000 19510 5
"1077" "W" 0.02 -0.4125 0.67 1 1 8000 1 5 0.400477566597125 5 1000 19642 5
"1078" "W" 0.02 -0.86625 0.54625 1 1 8000 1 5 0.604678532572337 5 1000 19914 5
"1079" "W" 0.02 -0.165 0.835 1 1 8000 1 5 0.180323554131281 5 1000 19496 5
"1080" "W" 0.02 -0.33 0.4225 1 1 8000 1 5 0.861565832184908 5 1000 19586 5
"1081" "W" 0.002 -0.20625 0.67 1 1 8000 1 5 0.400477566597125 5 1000 18892 5
"1082" "W" 0.002 -0.66 0.38125 1 1 8000 1 5 0.964299951060516 5 1000 19160 5
"1083" "W" 0.02 -0.12375 0.38125 1 1 8000 1 5 0.964299951060516 5 1000 19460 5
"1084" "W" 0.002 -0.165 0.505 1 1 8000 1 5 0.683196849706777 5 1000 18863 5
"1085" "W" 0.002 -0.86625 0.13375 1 1 8000 1 5 2.01178289320602 5 1000 19279 5
"1086" "W" 0.002 -0.86625 0.29875 1 1 8000 1 5 1.20814817573642 5 1000 19283 5
"1087" "W" 0.02 -0.7425 0.9175 1 1 8000 1 5 0.0861026990534116 5 1000 19848 5
"1088" "W" 0.002 -0.4125 0.0925 1 1 8000 1 5 2.38054663446376 5 1000 19003 5
"1089" "W" 0.02 -0.53625 0.835 1 1 8000 1 5 0.180323554131281 5 1000 19721 5
"1090" "W" 0.002 -0.66 0.05125 1 1 8000 1 5 2.97103966096362 5 1000 19152 5
"1091" "W" 0.02 -0.495 0.0925 1 1 8000 1 5 2.38054663446376 5 1000 19678 5
"1092" "W" 0.02 -0.5775 0.46375 1 1 8000 1 5 0.768409665060492 5 1000 19737 5
"1093" "W" 0.02 -0.33 0.46375 1 1 8000 1 5 0.768409665060492 5 1000 19587 5
"1094" "W" 0.002 -0.04125 0.29875 1 1 8000 1 5 1.20814817573642 5 1000 18783 5
"1095" "W" 0.002 -0.66 0.7525 1 1 8000 1 5 0.284354282359106 5 1000 19169 5
"1096" "W" 0.02 -0.66 0.2575 1 1 8000 1 5 1.35673555887835 5 1000 19782 5
"1097" "W" 0.02 0 0.01 1 1 8000 1 5 4.60517018598809 5 1000 19376 5
"1098" "W" 0.02 -0.12375 0.54625 1 1 8000 1 5 0.604678532572337 5 1000 19464 5
"1099" "W" 0.002 -0.28875 0.21625 1 1 8000 1 5 1.53132013317015 5 1000 18931 5
"1100" "W" 0.002 -0.2475 0.0925 1 1 8000 1 5 2.38054663446376 5 1000 18903 5
"1101" "W" 0.002 -0.4125 0.79375 1 1 8000 1 5 0.230986728775236 5 1000 19020 5
"1102" "W" 0.002 -0.7425 0.46375 1 1 8000 1 5 0.768409665060492 5 1000 19212 5
"1103" "W" 0.002 -0.04125 0.9175 1 1 8000 1 5 0.0861026990534116 5 1000 18798 5
"1104" "W" 0.002 -0.20625 0.29875 1 1 8000 1 5 1.20814817573642 5 1000 18883 5
"1105" "W" 0.002 -0.5775 0.34 1 1 8000 1 5 1.07880966137193 5 1000 19109 5
"1106" "W" 0.002 -0.20625 1 1 1 8000 1 5 0 5 1000 18900 5
"1107" "W" 0.02 -0.12375 0.29875 1 1 8000 1 5 1.20814817573642 5 1000 19458 5
"1108" "W" 0.002 -0.99 0.175 1 1 8000 1 5 1.74296930505862 5 1000 19355 5
"1109" "W" 0.002 -0.33 0.01 1 1 8000 1 5 4.60517018598809 5 1000 18951 5
"1110" "W" 0.002 -0.7425 0.29875 1 1 8000 1 5 1.20814817573642 5 1000 19208 5
"1111" "W" 0.02 -0.94875 0.0925 1 1 8000 1 5 2.38054663446376 5 1000 19953 5
"1112" "W" 0.002 0 0.9175 1 1 8000 1 5 0.0861026990534116 5 1000 18773 5
"1113" "W" 0.02 -0.53625 0.71125 1 1 8000 1 5 0.340731293541596 5 1000 19718 5
"1114" "W" 0.002 -0.53625 0.01 1 1 8000 1 5 4.60517018598809 5 1000 19076 5
"1115" "W" 0.002 -0.61875 0.13375 1 1 8000 1 5 2.01178289320602 5 1000 19129 5
"1116" "W" 0.02 -0.61875 0.87625 1 1 8000 1 5 0.132103840633337 5 1000 19772 5
"1117" "W" 0.02 -0.495 0.05125 1 1 8000 1 5 2.97103966096362 5 1000 19677 5
"1118" "W" 0.002 -0.37125 0.87625 1 1 8000 1 5 0.132103840633337 5 1000 18997 5
"1119" "W" 0.02 -0.4125 0.5875 1 1 8000 1 5 0.531879032963823 5 1000 19640 5
"1120" "W" 0.002 -0.0825 0.71125 1 1 8000 1 5 0.340731293541596 5 1000 18818 5
"1121" "W" 0.02 -0.70125 0.7525 1 1 8000 1 5 0.284354282359106 5 1000 19819 5
"1122" "W" 0.02 -0.37125 0.71125 1 1 8000 1 5 0.340731293541596 5 1000 19618 5
"1123" "W" 0.02 -0.495 0.29875 1 1 8000 1 5 1.20814817573642 5 1000 19683 5
"1124" "W" 0.02 -0.66 0.62875 1 1 8000 1 5 0.464021557568188 5 1000 19791 5
"1125" "W" 0.02 -0.94875 0.4225 1 1 8000 1 5 0.861565832184908 5 1000 19961 5
"1126" "W" 0.02 -0.2475 0.29875 1 1 8000 1 5 1.20814817573642 5 1000 19533 5
"1127" "W" 0.002 -0.94875 0.29875 1 1 8000 1 5 1.20814817573642 5 1000 19333 5
"1128" "W" 0.02 -0.45375 1 1 1 8000 1 5 0 5 1000 19675 5
"1129" "W" 0.02 -0.4125 0.835 1 1 8000 1 5 0.180323554131281 5 1000 19646 5
"1130" "W" 0.002 -0.61875 0.01 1 1 8000 1 5 4.60517018598809 5 1000 19126 5
"1131" "W" 0.02 -0.28875 0.34 1 1 8000 1 5 1.07880966137193 5 1000 19559 5
"1132" "W" 0.02 -0.33 0.01 1 1 8000 1 5 4.60517018598809 5 1000 19576 5
"1133" "W" 0.02 -0.66 0.46375 1 1 8000 1 5 0.768409665060492 5 1000 19787 5
"1134" "W" 0.002 -0.70125 0.79375 1 1 8000 1 5 0.230986728775236 5 1000 19195 5
"1135" "W" 0.02 -0.20625 0.87625 1 1 8000 1 5 0.132103840633337 5 1000 19522 5
"1136" "W" 0.02 -0.4125 0.7525 1 1 8000 1 5 0.284354282359106 5 1000 19644 5
"1137" "W" 0.002 -0.825 0.79375 1 1 8000 1 5 0.230986728775236 5 1000 19270 5
"1138" "W" 0.02 -0.9075 0.21625 1 1 8000 1 5 1.53132013317015 5 1000 19931 5
"1139" "W" 0.002 -0.61875 0.34 1 1 8000 1 5 1.07880966137193 5 1000 19134 5
"1140" "W" 0.02 -0.825 0.71125 1 1 8000 1 5 0.340731293541596 5 1000 19893 5
"1141" "W" 0.02 -0.37125 0.79375 1 1 8000 1 5 0.230986728775236 5 1000 19620 5
"1142" "W" 0.002 -0.99 0.95875 1 1 8000 1 5 0.042124926300671 5 1000 19374 5
"1143" "W" 0.02 -0.165 0.175 1 1 8000 1 5 1.74296930505862 5 1000 19480 5
"1144" "W" 0.002 -0.20625 0.13375 1 1 8000 1 5 2.01178289320602 5 1000 18879 5
"1145" "W" 0.002 -0.20625 0.87625 1 1 8000 1 5 0.132103840633337 5 1000 18897 5
"1146" "W" 0.02 -0.28875 0.95875 1 1 8000 1 5 0.042124926300671 5 1000 19574 5
"1147" "W" 0.002 -0.495 0.38125 1 1 8000 1 5 0.964299951060516 5 1000 19060 5
"1148" "W" 0.002 -0.5775 0.05125 1 1 8000 1 5 2.97103966096362 5 1000 19102 5
"1149" "W" 0.002 -0.33 0.21625 1 1 8000 1 5 1.53132013317015 5 1000 18956 5
"1150" "W" 0.002 -0.12375 0.38125 1 1 8000 1 5 0.964299951060516 5 1000 18835 5
"1151" "W" 0.02 -0.86625 0.4225 1 1 8000 1 5 0.861565832184908 5 1000 19911 5
"1152" "W" 0.02 -0.9075 0.29875 1 1 8000 1 5 1.20814817573642 5 1000 19933 5
"1153" "W" 0.002 -0.66 0.505 1 1 8000 1 5 0.683196849706777 5 1000 19163 5
"1154" "W" 0.02 -0.825 0.2575 1 1 8000 1 5 1.35673555887835 5 1000 19882 5
"1155" "W" 0.002 -0.37125 0.9175 1 1 8000 1 5 0.0861026990534116 5 1000 18998 5
"1156" "W" 0.02 -0.99 0.01 1 1 8000 1 5 4.60517018598809 5 1000 19976 5
"1157" "W" 0.02 -0.825 0.54625 1 1 8000 1 5 0.604678532572337 5 1000 19889 5
"1158" "W" 0.02 -0.33 0.79375 1 1 8000 1 5 0.230986728775236 5 1000 19595 5
"1159" "W" 0.02 -0.825 1 1 1 8000 1 5 0 5 1000 19900 5
"1160" "W" 0.002 -0.94875 0.7525 1 1 8000 1 5 0.284354282359106 5 1000 19344 5
"1161" "W" 0.02 -0.78375 0.9175 1 1 8000 1 5 0.0861026990534116 5 1000 19873 5
"1162" "W" 0.002 0 0.01 1 1 8000 1 5 4.60517018598809 5 1000 18751 5
"1163" "W" 0.02 -0.99 0.9175 1 1 8000 1 5 0.0861026990534116 5 1000 19998 5
"1164" "W" 0.02 -0.78375 0.21625 1 1 8000 1 5 1.53132013317015 5 1000 19856 5
"1165" "W" 0.002 -0.495 0.79375 1 1 8000 1 5 0.230986728775236 5 1000 19070 5
"1166" "W" 0.02 -0.28875 0.0925 1 1 8000 1 5 2.38054663446376 5 1000 19553 5
"1167" "W" 0.02 -0.20625 0.34 1 1 8000 1 5 1.07880966137193 5 1000 19509 5
"1168" "W" 0.02 -0.0825 0.13375 1 1 8000 1 5 2.01178289320602 5 1000 19429 5
"1169" "W" 0.002 0 0.2575 1 1 8000 1 5 1.35673555887835 5 1000 18757 5
"1170" "W" 0.02 -0.94875 0.95875 1 1 8000 1 5 0.042124926300671 5 1000 19974 5
"1171" "W" 0.02 -0.4125 0.01 1 1 8000 1 5 4.60517018598809 5 1000 19626 5
"1172" "W" 0.002 -0.53625 0.05125 1 1 8000 1 5 2.97103966096362 5 1000 19077 5
"1173" "W" 0.02 -0.165 0.05125 1 1 8000 1 5 2.97103966096362 5 1000 19477 5
"1174" "W" 0.002 -0.99 0.21625 1 1 8000 1 5 1.53132013317015 5 1000 19356 5
"1175" "W" 0.002 0 0.4225 1 1 8000 1 5 0.861565832184908 5 1000 18761 5
"1176" "W" 0.02 -0.45375 0.21625 1 1 8000 1 5 1.53132013317015 5 1000 19656 5
"1177" "W" 0.002 -0.53625 0.9175 1 1 8000 1 5 0.0861026990534116 5 1000 19098 5
"1178" "W" 0.02 -0.2475 0.2575 1 1 8000 1 5 1.35673555887835 5 1000 19532 5
"1179" "W" 0.002 -0.12375 0.34 1 1 8000 1 5 1.07880966137193 5 1000 18834 5
"1180" "W" 0.002 -0.7425 0.87625 1 1 8000 1 5 0.132103840633337 5 1000 19222 5
"1181" "W" 0.002 -0.7425 0.13375 1 1 8000 1 5 2.01178289320602 5 1000 19204 5
"1182" "W" 0.02 -0.2475 0.21625 1 1 8000 1 5 1.53132013317015 5 1000 19531 5
"1183" "W" 0.02 -0.45375 0.29875 1 1 8000 1 5 1.20814817573642 5 1000 19658 5
"1184" "W" 0.02 -0.66 0.54625 1 1 8000 1 5 0.604678532572337 5 1000 19789 5
"1185" "W" 0.002 -0.0825 1 1 1 8000 1 5 0 5 1000 18825 5
"1186" "W" 0.02 -0.9075 0.835 1 1 8000 1 5 0.180323554131281 5 1000 19946 5
"1187" "W" 0.02 -0.20625 0.5875 1 1 8000 1 5 0.531879032963823 5 1000 19515 5
"1188" "W" 0.002 -0.495 0.5875 1 1 8000 1 5 0.531879032963823 5 1000 19065 5
"1189" "W" 0.02 -0.99 0.34 1 1 8000 1 5 1.07880966137193 5 1000 19984 5
"1190" "W" 0.002 -0.2475 0.4225 1 1 8000 1 5 0.861565832184908 5 1000 18911 5
"1191" "W" 0.002 -0.61875 0.38125 1 1 8000 1 5 0.964299951060516 5 1000 19135 5
"1192" "W" 0.02 -0.7425 0.5875 1 1 8000 1 5 0.531879032963823 5 1000 19840 5
"1193" "W" 0.02 -0.53625 0.87625 1 1 8000 1 5 0.132103840633337 5 1000 19722 5
"1194" "W" 0.002 -0.5775 0.79375 1 1 8000 1 5 0.230986728775236 5 1000 19120 5
"1195" "W" 0.02 0 0.79375 1 1 8000 1 5 0.230986728775236 5 1000 19395 5
"1196" "W" 0.002 -0.61875 0.67 1 1 8000 1 5 0.400477566597125 5 1000 19142 5
"1197" "W" 0.02 -0.33 0.505 1 1 8000 1 5 0.683196849706777 5 1000 19588 5
"1198" "W" 0.02 -0.04125 0.46375 1 1 8000 1 5 0.768409665060492 5 1000 19412 5
"1199" "W" 0.02 -0.9075 0.5875 1 1 8000 1 5 0.531879032963823 5 1000 19940 5
"1200" "W" 0.002 -0.165 0.95875 1 1 8000 1 5 0.042124926300671 5 1000 18874 5
"1201" "W" 0.02 -0.99 0.79375 1 1 8000 1 5 0.230986728775236 5 1000 19995 5
"1202" "W" 0.02 -0.78375 0.54625 1 1 8000 1 5 0.604678532572337 5 1000 19864 5
"1203" "W" 0.02 -0.37125 0.835 1 1 8000 1 5 0.180323554131281 5 1000 19621 5
"1204" "W" 0.002 -0.20625 0.4225 1 1 8000 1 5 0.861565832184908 5 1000 18886 5
"1205" "W" 0.02 -0.0825 0.54625 1 1 8000 1 5 0.604678532572337 5 1000 19439 5
"1206" "W" 0.02 -0.61875 0.05125 1 1 8000 1 5 2.97103966096362 5 1000 19752 5
"1207" "W" 0.002 -0.2475 0.7525 1 1 8000 1 5 0.284354282359106 5 1000 18919 5
"1208" "W" 0.02 -0.825 0.175 1 1 8000 1 5 1.74296930505862 5 1000 19880 5
"1209" "W" 0.002 -0.2475 0.505 1 1 8000 1 5 0.683196849706777 5 1000 18913 5
"1210" "W" 0.002 -0.37125 0.67 1 1 8000 1 5 0.400477566597125 5 1000 18992 5
"1211" "W" 0.002 -0.70125 0.46375 1 1 8000 1 5 0.768409665060492 5 1000 19187 5
"1212" "W" 0.002 -0.37125 0.0925 1 1 8000 1 5 2.38054663446376 5 1000 18978 5
"1213" "W" 0.02 -0.78375 0.87625 1 1 8000 1 5 0.132103840633337 5 1000 19872 5
"1214" "W" 0.02 -0.94875 0.62875 1 1 8000 1 5 0.464021557568188 5 1000 19966 5
"1215" "W" 0.002 -0.7425 0.05125 1 1 8000 1 5 2.97103966096362 5 1000 19202 5
"1216" "W" 0.02 -0.12375 0.87625 1 1 8000 1 5 0.132103840633337 5 1000 19472 5
"1217" "W" 0.02 0 0.67 1 1 8000 1 5 0.400477566597125 5 1000 19392 5
"1218" "W" 0.002 -0.33 1 1 1 8000 1 5 0 5 1000 18975 5
"1219" "W" 0.02 -0.33 0.0925 1 1 8000 1 5 2.38054663446376 5 1000 19578 5
"1220" "W" 0.002 -0.28875 0.175 1 1 8000 1 5 1.74296930505862 5 1000 18930 5
"1221" "W" 0.02 -0.04125 0.505 1 1 8000 1 5 0.683196849706777 5 1000 19413 5
"1222" "W" 0.02 -0.5775 0.29875 1 1 8000 1 5 1.20814817573642 5 1000 19733 5
"1223" "W" 0.002 -0.45375 0.05125 1 1 8000 1 5 2.97103966096362 5 1000 19027 5
"1224" "W" 0.002 -0.5775 0.9175 1 1 8000 1 5 0.0861026990534116 5 1000 19123 5
"1225" "W" 0.002 -0.61875 0.4225 1 1 8000 1 5 0.861565832184908 5 1000 19136 5
"1226" "W" 0.002 -0.33 0.79375 1 1 8000 1 5 0.230986728775236 5 1000 18970 5
"1227" "W" 0.02 -0.9075 0.01 1 1 8000 1 5 4.60517018598809 5 1000 19926 5
"1228" "W" 0.002 -0.61875 0.71125 1 1 8000 1 5 0.340731293541596 5 1000 19143 5
"1229" "W" 0.02 -0.45375 0.9175 1 1 8000 1 5 0.0861026990534116 5 1000 19673 5
"1230" "W" 0.02 -0.86625 0.95875 1 1 8000 1 5 0.042124926300671 5 1000 19924 5
"1231" "W" 0.02 -0.94875 0.2575 1 1 8000 1 5 1.35673555887835 5 1000 19957 5
"1232" "W" 0.002 -0.9075 0.7525 1 1 8000 1 5 0.284354282359106 5 1000 19319 5
"1233" "W" 0.02 -0.7425 0.54625 1 1 8000 1 5 0.604678532572337 5 1000 19839 5
"1234" "W" 0.02 -0.165 0.38125 1 1 8000 1 5 0.964299951060516 5 1000 19485 5
"1235" "W" 0.02 0 0.62875 1 1 8000 1 5 0.464021557568188 5 1000 19391 5
"1236" "W" 0.002 -0.12375 0.13375 1 1 8000 1 5 2.01178289320602 5 1000 18829 5
"1237" "W" 0.002 -0.53625 0.71125 1 1 8000 1 5 0.340731293541596 5 1000 19093 5
"1238" "W" 0.002 -0.5775 0.7525 1 1 8000 1 5 0.284354282359106 5 1000 19119 5
"1239" "W" 0.002 -0.0825 0.79375 1 1 8000 1 5 0.230986728775236 5 1000 18820 5
"1240" "W" 0.002 -0.45375 0.34 1 1 8000 1 5 1.07880966137193 5 1000 19034 5
"1241" "W" 0.02 -0.4125 1 1 1 8000 1 5 0 5 1000 19650 5
"1242" "W" 0.02 -0.20625 0.54625 1 1 8000 1 5 0.604678532572337 5 1000 19514 5
"1243" "W" 0.002 -0.9075 0.9175 1 1 8000 1 5 0.0861026990534116 5 1000 19323 5
"1244" "W" 0.02 -0.825 0.67 1 1 8000 1 5 0.400477566597125 5 1000 19892 5
"1245" "W" 0.02 -0.66 0.21625 1 1 8000 1 5 1.53132013317015 5 1000 19781 5
"1246" "W" 0.02 -0.66 0.835 1 1 8000 1 5 0.180323554131281 5 1000 19796 5
"1247" "W" 0.002 -0.12375 0.5875 1 1 8000 1 5 0.531879032963823 5 1000 18840 5
"1248" "W" 0.002 -0.78375 0.175 1 1 8000 1 5 1.74296930505862 5 1000 19230 5
"1249" "W" 0.002 -0.28875 0.505 1 1 8000 1 5 0.683196849706777 5 1000 18938 5
"1250" "W" 0.002 -0.2475 0.835 1 1 8000 1 5 0.180323554131281 5 1000 18921 5
