"chromosome" "v" "D" "refractory_period_prop_cohort_alive" "sex_expressed" "dominance" "Starting_pop_size" "baseline_mean_lifespan" "f" "refractory_period" "mutation_time" "time_end" "parameter_space_ID" "mutation_events"
"1" "Y" 0.02 -0.70125 0.7525 0 1 8000 1 5 0.284354282359106 5 1000 13569 5
"2" "Y" 0.02 -0.2475 0.175 0 1 8000 1 5 1.74296930505862 5 1000 13280 5
"3" "Y" 0.02 0 0.05125 0 1 8000 1 5 2.97103966096362 5 1000 13127 5
"4" "Y" 0.02 -0.86625 0.71125 0 1 8000 1 5 0.340731293541596 5 1000 13668 5
"5" "Y" 0.002 -0.5775 0.13375 0 1 8000 1 5 2.01178289320602 5 1000 12854 5
"6" "Y" 0.02 -0.45375 0.54625 0 1 8000 1 5 0.604678532572337 5 1000 13414 5
"7" "Y" 0.002 -0.86625 0.54625 0 1 8000 1 5 0.604678532572337 5 1000 13039 5
"8" "Y" 0.002 -0.45375 0.835 0 1 8000 1 5 0.180323554131281 5 1000 12796 5
"9" "Y" 0.002 -0.4125 1 0 1 8000 1 5 0 5 1000 12775 5
"10" "Y" 0.02 -0.99 0.13375 0 1 8000 1 5 2.01178289320602 5 1000 13729 5
"11" "Y" 0.002 -0.45375 0.21625 0 1 8000 1 5 1.53132013317015 5 1000 12781 5
"12" "Y" 0.02 -0.78375 0.54625 0 1 8000 1 5 0.604678532572337 5 1000 13614 5
"13" "Y" 0.002 -0.33 0.38125 0 1 8000 1 5 0.964299951060516 5 1000 12710 5
"14" "Y" 0.002 -0.0825 0.95875 0 1 8000 1 5 0.042124926300671 5 1000 12574 5
"15" "Y" 0.02 -0.04125 0.95875 0 1 8000 1 5 0.042124926300671 5 1000 13174 5
"16" "Y" 0.002 -0.78375 0.7525 0 1 8000 1 5 0.284354282359106 5 1000 12994 5
"17" "Y" 0.002 -0.7425 0.7525 0 1 8000 1 5 0.284354282359106 5 1000 12969 5
"18" "Y" 0.002 -0.495 0.7525 0 1 8000 1 5 0.284354282359106 5 1000 12819 5
"19" "Y" 0.002 -0.165 0.67 0 1 8000 1 5 0.400477566597125 5 1000 12617 5
"20" "Y" 0.002 -0.12375 0.7525 0 1 8000 1 5 0.284354282359106 5 1000 12594 5
"21" "Y" 0.02 -0.495 0.71125 0 1 8000 1 5 0.340731293541596 5 1000 13443 5
"22" "Y" 0.002 -0.70125 0.54625 0 1 8000 1 5 0.604678532572337 5 1000 12939 5
"23" "Y" 0.02 -0.04125 0.05125 0 1 8000 1 5 2.97103966096362 5 1000 13152 5
"24" "Y" 0.02 -0.33 0.01 0 1 8000 1 5 4.60517018598809 5 1000 13326 5
"25" "Y" 0.002 -0.9075 0.46375 0 1 8000 1 5 0.768409665060492 5 1000 13062 5
"26" "Y" 0.002 -0.20625 0.05125 0 1 8000 1 5 2.97103966096362 5 1000 12627 5
"27" "Y" 0.02 -0.0825 1 0 1 8000 1 5 0 5 1000 13200 5
"28" "Y" 0.002 -0.66 0.46375 0 1 8000 1 5 0.768409665060492 5 1000 12912 5
"29" "Y" 0.02 -0.94875 0.87625 0 1 8000 1 5 0.132103840633337 5 1000 13722 5
"30" "Y" 0.02 -0.94875 0.46375 0 1 8000 1 5 0.768409665060492 5 1000 13712 5
"31" "Y" 0.002 -0.99 0.4225 0 1 8000 1 5 0.861565832184908 5 1000 13111 5
"32" "Y" 0.002 -0.61875 0.95875 0 1 8000 1 5 0.042124926300671 5 1000 12899 5
"33" "Y" 0.002 -0.2475 0.2575 0 1 8000 1 5 1.35673555887835 5 1000 12657 5
"34" "Y" 0.002 -0.33 0.0925 0 1 8000 1 5 2.38054663446376 5 1000 12703 5
"35" "Y" 0.02 -0.45375 0.835 0 1 8000 1 5 0.180323554131281 5 1000 13421 5
"36" "Y" 0.002 -0.495 0.71125 0 1 8000 1 5 0.340731293541596 5 1000 12818 5
"37" "Y" 0.002 -0.165 0.13375 0 1 8000 1 5 2.01178289320602 5 1000 12604 5
"38" "Y" 0.02 -0.04125 0.38125 0 1 8000 1 5 0.964299951060516 5 1000 13160 5
"39" "Y" 0.02 -0.495 0.34 0 1 8000 1 5 1.07880966137193 5 1000 13434 5
"40" "Y" 0.02 -0.33 0.71125 0 1 8000 1 5 0.340731293541596 5 1000 13343 5
"41" "Y" 0.002 -0.45375 0.01 0 1 8000 1 5 4.60517018598809 5 1000 12776 5
"42" "Y" 0.02 -0.66 0.05125 0 1 8000 1 5 2.97103966096362 5 1000 13527 5
"43" "Y" 0.02 -0.825 0.67 0 1 8000 1 5 0.400477566597125 5 1000 13642 5
"44" "Y" 0.02 -0.12375 0.0925 0 1 8000 1 5 2.38054663446376 5 1000 13203 5
"45" "Y" 0.02 -0.12375 0.95875 0 1 8000 1 5 0.042124926300671 5 1000 13224 5
"46" "Y" 0.002 -0.825 0.87625 0 1 8000 1 5 0.132103840633337 5 1000 13022 5
"47" "Y" 0.002 -0.53625 0.2575 0 1 8000 1 5 1.35673555887835 5 1000 12832 5
"48" "Y" 0.02 -0.4125 0.175 0 1 8000 1 5 1.74296930505862 5 1000 13380 5
"49" "Y" 0.02 -0.37125 0.29875 0 1 8000 1 5 1.20814817573642 5 1000 13358 5
"50" "Y" 0.02 -0.86625 0.34 0 1 8000 1 5 1.07880966137193 5 1000 13659 5
"51" "Y" 0.002 -0.33 0.835 0 1 8000 1 5 0.180323554131281 5 1000 12721 5
"52" "Y" 0.002 -0.78375 0.2575 0 1 8000 1 5 1.35673555887835 5 1000 12982 5
"53" "Y" 0.02 -0.7425 0.79375 0 1 8000 1 5 0.230986728775236 5 1000 13595 5
"54" "Y" 0.002 -0.165 0.95875 0 1 8000 1 5 0.042124926300671 5 1000 12624 5
"55" "Y" 0.02 -0.53625 0.5875 0 1 8000 1 5 0.531879032963823 5 1000 13465 5
"56" "Y" 0.02 -0.86625 0.835 0 1 8000 1 5 0.180323554131281 5 1000 13671 5
"57" "Y" 0.02 -0.78375 0.5875 0 1 8000 1 5 0.531879032963823 5 1000 13615 5
"58" "Y" 0.002 -0.94875 0.175 0 1 8000 1 5 1.74296930505862 5 1000 13080 5
"59" "Y" 0.02 -0.7425 0.5875 0 1 8000 1 5 0.531879032963823 5 1000 13590 5
"60" "Y" 0.002 -0.12375 0.54625 0 1 8000 1 5 0.604678532572337 5 1000 12589 5
"61" "Y" 0.02 -0.78375 0.505 0 1 8000 1 5 0.683196849706777 5 1000 13613 5
"62" "Y" 0.02 0 0.835 0 1 8000 1 5 0.180323554131281 5 1000 13146 5
"63" "Y" 0.02 -0.94875 1 0 1 8000 1 5 0 5 1000 13725 5
"64" "Y" 0.02 -0.28875 0.62875 0 1 8000 1 5 0.464021557568188 5 1000 13316 5
"65" "Y" 0.002 -0.2475 0.9175 0 1 8000 1 5 0.0861026990534116 5 1000 12673 5
"66" "Y" 0.02 -0.94875 0.38125 0 1 8000 1 5 0.964299951060516 5 1000 13710 5
"67" "Y" 0.002 -0.9075 0.05125 0 1 8000 1 5 2.97103966096362 5 1000 13052 5
"68" "Y" 0.02 -0.2475 0.87625 0 1 8000 1 5 0.132103840633337 5 1000 13297 5
"69" "Y" 0.002 -0.0825 0.62875 0 1 8000 1 5 0.464021557568188 5 1000 12566 5
"70" "Y" 0.02 -0.04125 0.175 0 1 8000 1 5 1.74296930505862 5 1000 13155 5
"71" "Y" 0.02 -0.04125 0.71125 0 1 8000 1 5 0.340731293541596 5 1000 13168 5
"72" "Y" 0.02 -0.70125 0.2575 0 1 8000 1 5 1.35673555887835 5 1000 13557 5
"73" "Y" 0.02 -0.7425 0.34 0 1 8000 1 5 1.07880966137193 5 1000 13584 5
"74" "Y" 0.02 -0.94875 0.7525 0 1 8000 1 5 0.284354282359106 5 1000 13719 5
"75" "Y" 0.002 -0.66 0.21625 0 1 8000 1 5 1.53132013317015 5 1000 12906 5
"76" "Y" 0.02 0 0.13375 0 1 8000 1 5 2.01178289320602 5 1000 13129 5
"77" "Y" 0.02 -0.86625 0.29875 0 1 8000 1 5 1.20814817573642 5 1000 13658 5
"78" "Y" 0.02 -0.9075 0.46375 0 1 8000 1 5 0.768409665060492 5 1000 13687 5
"79" "Y" 0.002 -0.33 0.21625 0 1 8000 1 5 1.53132013317015 5 1000 12706 5
"80" "Y" 0.002 -0.66 0.505 0 1 8000 1 5 0.683196849706777 5 1000 12913 5
"81" "Y" 0.002 -0.20625 0.13375 0 1 8000 1 5 2.01178289320602 5 1000 12629 5
"82" "Y" 0.02 -0.28875 0.9175 0 1 8000 1 5 0.0861026990534116 5 1000 13323 5
"83" "Y" 0.02 -0.825 0.2575 0 1 8000 1 5 1.35673555887835 5 1000 13632 5
"84" "Y" 0.002 -0.33 0.2575 0 1 8000 1 5 1.35673555887835 5 1000 12707 5
"85" "Y" 0.02 -0.28875 0.21625 0 1 8000 1 5 1.53132013317015 5 1000 13306 5
"86" "Y" 0.002 -0.4125 0.87625 0 1 8000 1 5 0.132103840633337 5 1000 12772 5
"87" "Y" 0.02 0 0.34 0 1 8000 1 5 1.07880966137193 5 1000 13134 5
"88" "Y" 0.002 -0.33 0.46375 0 1 8000 1 5 0.768409665060492 5 1000 12712 5
"89" "Y" 0.002 -0.5775 0.38125 0 1 8000 1 5 0.964299951060516 5 1000 12860 5
"90" "Y" 0.002 -0.66 0.87625 0 1 8000 1 5 0.132103840633337 5 1000 12922 5
"91" "Y" 0.002 -0.7425 0.505 0 1 8000 1 5 0.683196849706777 5 1000 12963 5
"92" "Y" 0.02 -0.99 0.29875 0 1 8000 1 5 1.20814817573642 5 1000 13733 5
"93" "Y" 0.02 -0.33 0.29875 0 1 8000 1 5 1.20814817573642 5 1000 13333 5
"94" "Y" 0.02 -0.20625 0.9175 0 1 8000 1 5 0.0861026990534116 5 1000 13273 5
"95" "Y" 0.002 -0.99 0.29875 0 1 8000 1 5 1.20814817573642 5 1000 13108 5
"96" "Y" 0.002 -0.94875 0.9175 0 1 8000 1 5 0.0861026990534116 5 1000 13098 5
"97" "Y" 0.002 0 1 0 1 8000 1 5 0 5 1000 12525 5
"98" "Y" 0.002 -0.825 0.505 0 1 8000 1 5 0.683196849706777 5 1000 13013 5
"99" "Y" 0.02 -0.78375 0.62875 0 1 8000 1 5 0.464021557568188 5 1000 13616 5
"100" "Y" 0.002 -0.7425 0.835 0 1 8000 1 5 0.180323554131281 5 1000 12971 5
"101" "Y" 0.02 -0.825 1 0 1 8000 1 5 0 5 1000 13650 5
"102" "Y" 0.02 0 0.7525 0 1 8000 1 5 0.284354282359106 5 1000 13144 5
"103" "Y" 0.002 -0.7425 0.62875 0 1 8000 1 5 0.464021557568188 5 1000 12966 5
"104" "Y" 0.002 -0.0825 0.38125 0 1 8000 1 5 0.964299951060516 5 1000 12560 5
"105" "Y" 0.002 -0.70125 0.505 0 1 8000 1 5 0.683196849706777 5 1000 12938 5
"106" "Y" 0.002 -0.37125 0.38125 0 1 8000 1 5 0.964299951060516 5 1000 12735 5
"107" "Y" 0.002 -0.165 0.54625 0 1 8000 1 5 0.604678532572337 5 1000 12614 5
"108" "Y" 0.002 -0.78375 0.05125 0 1 8000 1 5 2.97103966096362 5 1000 12977 5
"109" "Y" 0.02 -0.78375 0.38125 0 1 8000 1 5 0.964299951060516 5 1000 13610 5
"110" "Y" 0.002 -0.2475 0.79375 0 1 8000 1 5 0.230986728775236 5 1000 12670 5
"111" "Y" 0.002 -0.53625 0.46375 0 1 8000 1 5 0.768409665060492 5 1000 12837 5
"112" "Y" 0.02 -0.165 0.0925 0 1 8000 1 5 2.38054663446376 5 1000 13228 5
"113" "Y" 0.002 -0.5775 0.5875 0 1 8000 1 5 0.531879032963823 5 1000 12865 5
"114" "Y" 0.002 -0.165 0.79375 0 1 8000 1 5 0.230986728775236 5 1000 12620 5
"115" "Y" 0.002 -0.495 0.175 0 1 8000 1 5 1.74296930505862 5 1000 12805 5
"116" "Y" 0.02 -0.7425 0.21625 0 1 8000 1 5 1.53132013317015 5 1000 13581 5
"117" "Y" 0.02 -0.66 0.01 0 1 8000 1 5 4.60517018598809 5 1000 13526 5
"118" "Y" 0.002 -0.61875 0.46375 0 1 8000 1 5 0.768409665060492 5 1000 12887 5
"119" "Y" 0.02 -0.61875 0.79375 0 1 8000 1 5 0.230986728775236 5 1000 13520 5
"120" "Y" 0.002 -0.70125 0.01 0 1 8000 1 5 4.60517018598809 5 1000 12926 5
"121" "Y" 0.02 -0.4125 0.2575 0 1 8000 1 5 1.35673555887835 5 1000 13382 5
"122" "Y" 0.002 -0.12375 0.175 0 1 8000 1 5 1.74296930505862 5 1000 12580 5
"123" "Y" 0.002 -0.9075 0.4225 0 1 8000 1 5 0.861565832184908 5 1000 13061 5
"124" "Y" 0.02 -0.825 0.05125 0 1 8000 1 5 2.97103966096362 5 1000 13627 5
"125" "Y" 0.02 -0.0825 0.9175 0 1 8000 1 5 0.0861026990534116 5 1000 13198 5
"126" "Y" 0.02 -0.66 0.9175 0 1 8000 1 5 0.0861026990534116 5 1000 13548 5
"127" "Y" 0.002 -0.12375 0.0925 0 1 8000 1 5 2.38054663446376 5 1000 12578 5
"128" "Y" 0.02 -0.0825 0.13375 0 1 8000 1 5 2.01178289320602 5 1000 13179 5
"129" "Y" 0.002 -0.45375 0.54625 0 1 8000 1 5 0.604678532572337 5 1000 12789 5
"130" "Y" 0.02 -0.9075 0.0925 0 1 8000 1 5 2.38054663446376 5 1000 13678 5
"131" "Y" 0.02 -0.45375 0.21625 0 1 8000 1 5 1.53132013317015 5 1000 13406 5
"132" "Y" 0.02 -0.2475 0.46375 0 1 8000 1 5 0.768409665060492 5 1000 13287 5
"133" "Y" 0.002 -0.86625 0.87625 0 1 8000 1 5 0.132103840633337 5 1000 13047 5
"134" "Y" 0.002 -0.165 0.71125 0 1 8000 1 5 0.340731293541596 5 1000 12618 5
"135" "Y" 0.02 -0.94875 0.5875 0 1 8000 1 5 0.531879032963823 5 1000 13715 5
"136" "Y" 0.02 -0.66 0.5875 0 1 8000 1 5 0.531879032963823 5 1000 13540 5
"137" "Y" 0.002 -0.66 0.835 0 1 8000 1 5 0.180323554131281 5 1000 12921 5
"138" "Y" 0.02 -0.495 0.2575 0 1 8000 1 5 1.35673555887835 5 1000 13432 5
"139" "Y" 0.02 -0.66 0.505 0 1 8000 1 5 0.683196849706777 5 1000 13538 5
"140" "Y" 0.002 -0.825 0.79375 0 1 8000 1 5 0.230986728775236 5 1000 13020 5
"141" "Y" 0.02 -0.0825 0.2575 0 1 8000 1 5 1.35673555887835 5 1000 13182 5
"142" "Y" 0.002 -0.04125 0.29875 0 1 8000 1 5 1.20814817573642 5 1000 12533 5
"143" "Y" 0.002 -0.78375 0.54625 0 1 8000 1 5 0.604678532572337 5 1000 12989 5
"144" "Y" 0.02 -0.2475 0.34 0 1 8000 1 5 1.07880966137193 5 1000 13284 5
"145" "Y" 0.002 -0.86625 0.21625 0 1 8000 1 5 1.53132013317015 5 1000 13031 5
"146" "Y" 0.02 -0.495 0.54625 0 1 8000 1 5 0.604678532572337 5 1000 13439 5
"147" "Y" 0.002 -0.99 1 0 1 8000 1 5 0 5 1000 13125 5
"148" "Y" 0.002 -0.165 0.01 0 1 8000 1 5 4.60517018598809 5 1000 12601 5
"149" "Y" 0.002 -0.45375 0.4225 0 1 8000 1 5 0.861565832184908 5 1000 12786 5
"150" "Y" 0.002 -0.53625 0.0925 0 1 8000 1 5 2.38054663446376 5 1000 12828 5
"151" "Y" 0.02 -0.33 0.34 0 1 8000 1 5 1.07880966137193 5 1000 13334 5
"152" "Y" 0.002 -0.5775 0.54625 0 1 8000 1 5 0.604678532572337 5 1000 12864 5
"153" "Y" 0.002 -0.61875 0.175 0 1 8000 1 5 1.74296930505862 5 1000 12880 5
"154" "Y" 0.002 -0.12375 0.835 0 1 8000 1 5 0.180323554131281 5 1000 12596 5
"155" "Y" 0.02 0 0.71125 0 1 8000 1 5 0.340731293541596 5 1000 13143 5
"156" "Y" 0.002 -0.2475 0.95875 0 1 8000 1 5 0.042124926300671 5 1000 12674 5
"157" "Y" 0.02 -0.86625 0.13375 0 1 8000 1 5 2.01178289320602 5 1000 13654 5
"158" "Y" 0.002 -0.04125 0.7525 0 1 8000 1 5 0.284354282359106 5 1000 12544 5
"159" "Y" 0.02 -0.20625 0.87625 0 1 8000 1 5 0.132103840633337 5 1000 13272 5
"160" "Y" 0.02 -0.20625 1 0 1 8000 1 5 0 5 1000 13275 5
"161" "Y" 0.02 -0.165 0.87625 0 1 8000 1 5 0.132103840633337 5 1000 13247 5
"162" "Y" 0.002 -0.78375 0.79375 0 1 8000 1 5 0.230986728775236 5 1000 12995 5
"163" "Y" 0.002 0 0.87625 0 1 8000 1 5 0.132103840633337 5 1000 12522 5
"164" "Y" 0.002 0 0.7525 0 1 8000 1 5 0.284354282359106 5 1000 12519 5
"165" "Y" 0.02 -0.70125 0.21625 0 1 8000 1 5 1.53132013317015 5 1000 13556 5
"166" "Y" 0.02 -0.61875 0.05125 0 1 8000 1 5 2.97103966096362 5 1000 13502 5
"167" "Y" 0.002 -0.825 0.54625 0 1 8000 1 5 0.604678532572337 5 1000 13014 5
"168" "Y" 0.02 -0.12375 0.67 0 1 8000 1 5 0.400477566597125 5 1000 13217 5
"169" "Y" 0.002 -0.45375 0.34 0 1 8000 1 5 1.07880966137193 5 1000 12784 5
"170" "Y" 0.02 -0.28875 0.38125 0 1 8000 1 5 0.964299951060516 5 1000 13310 5
"171" "Y" 0.002 -0.66 0.9175 0 1 8000 1 5 0.0861026990534116 5 1000 12923 5
"172" "Y" 0.02 -0.33 0.505 0 1 8000 1 5 0.683196849706777 5 1000 13338 5
"173" "Y" 0.002 -0.28875 0.67 0 1 8000 1 5 0.400477566597125 5 1000 12692 5
"174" "Y" 0.002 -0.7425 0.34 0 1 8000 1 5 1.07880966137193 5 1000 12959 5
"175" "Y" 0.002 -0.04125 0.505 0 1 8000 1 5 0.683196849706777 5 1000 12538 5
"176" "Y" 0.002 -0.78375 0.29875 0 1 8000 1 5 1.20814817573642 5 1000 12983 5
"177" "Y" 0.002 -0.78375 0.21625 0 1 8000 1 5 1.53132013317015 5 1000 12981 5
"178" "Y" 0.002 -0.33 0.505 0 1 8000 1 5 0.683196849706777 5 1000 12713 5
"179" "Y" 0.002 -0.04125 0.21625 0 1 8000 1 5 1.53132013317015 5 1000 12531 5
"180" "Y" 0.002 -0.94875 0.46375 0 1 8000 1 5 0.768409665060492 5 1000 13087 5
"181" "Y" 0.002 -0.99 0.175 0 1 8000 1 5 1.74296930505862 5 1000 13105 5
"182" "Y" 0.002 -0.825 0.62875 0 1 8000 1 5 0.464021557568188 5 1000 13016 5
"183" "Y" 0.02 -0.78375 0.05125 0 1 8000 1 5 2.97103966096362 5 1000 13602 5
"184" "Y" 0.02 -0.12375 0.7525 0 1 8000 1 5 0.284354282359106 5 1000 13219 5
"185" "Y" 0.002 -0.53625 0.5875 0 1 8000 1 5 0.531879032963823 5 1000 12840 5
"186" "Y" 0.002 -0.28875 0.34 0 1 8000 1 5 1.07880966137193 5 1000 12684 5
"187" "Y" 0.002 -0.45375 0.05125 0 1 8000 1 5 2.97103966096362 5 1000 12777 5
"188" "Y" 0.002 -0.53625 0.7525 0 1 8000 1 5 0.284354282359106 5 1000 12844 5
"189" "Y" 0.002 -0.99 0.0925 0 1 8000 1 5 2.38054663446376 5 1000 13103 5
"190" "Y" 0.02 -0.94875 0.71125 0 1 8000 1 5 0.340731293541596 5 1000 13718 5
"191" "Y" 0.02 0 0.79375 0 1 8000 1 5 0.230986728775236 5 1000 13145 5
"192" "Y" 0.002 -0.7425 0.2575 0 1 8000 1 5 1.35673555887835 5 1000 12957 5
"193" "Y" 0.02 -0.0825 0.54625 0 1 8000 1 5 0.604678532572337 5 1000 13189 5
"194" "Y" 0.002 -0.37125 1 0 1 8000 1 5 0 5 1000 12750 5
"195" "Y" 0.002 -0.78375 0.71125 0 1 8000 1 5 0.340731293541596 5 1000 12993 5
"196" "Y" 0.02 -0.5775 0.9175 0 1 8000 1 5 0.0861026990534116 5 1000 13498 5
"197" "Y" 0.02 -0.86625 0.175 0 1 8000 1 5 1.74296930505862 5 1000 13655 5
"198" "Y" 0.02 -0.20625 0.38125 0 1 8000 1 5 0.964299951060516 5 1000 13260 5
"199" "Y" 0.02 -0.33 0.9175 0 1 8000 1 5 0.0861026990534116 5 1000 13348 5
"200" "Y" 0.02 -0.7425 0.835 0 1 8000 1 5 0.180323554131281 5 1000 13596 5
"201" "Y" 0.002 -0.99 0.13375 0 1 8000 1 5 2.01178289320602 5 1000 13104 5
"202" "Y" 0.002 0 0.79375 0 1 8000 1 5 0.230986728775236 5 1000 12520 5
"203" "Y" 0.002 -0.12375 0.71125 0 1 8000 1 5 0.340731293541596 5 1000 12593 5
"204" "Y" 0.02 -0.78375 0.9175 0 1 8000 1 5 0.0861026990534116 5 1000 13623 5
"205" "Y" 0.002 -0.61875 0.5875 0 1 8000 1 5 0.531879032963823 5 1000 12890 5
"206" "Y" 0.002 -0.45375 0.95875 0 1 8000 1 5 0.042124926300671 5 1000 12799 5
"207" "Y" 0.002 -0.165 0.05125 0 1 8000 1 5 2.97103966096362 5 1000 12602 5
"208" "Y" 0.02 -0.53625 0.2575 0 1 8000 1 5 1.35673555887835 5 1000 13457 5
"209" "Y" 0.02 -0.12375 0.505 0 1 8000 1 5 0.683196849706777 5 1000 13213 5
"210" "Y" 0.02 -0.86625 0.4225 0 1 8000 1 5 0.861565832184908 5 1000 13661 5
"211" "Y" 0.002 -0.0825 0.29875 0 1 8000 1 5 1.20814817573642 5 1000 12558 5
"212" "Y" 0.02 -0.495 0.79375 0 1 8000 1 5 0.230986728775236 5 1000 13445 5
"213" "Y" 0.002 -0.99 0.38125 0 1 8000 1 5 0.964299951060516 5 1000 13110 5
"214" "Y" 0.002 -0.33 0.95875 0 1 8000 1 5 0.042124926300671 5 1000 12724 5
"215" "Y" 0.002 -0.53625 0.05125 0 1 8000 1 5 2.97103966096362 5 1000 12827 5
"216" "Y" 0.002 -0.28875 0.05125 0 1 8000 1 5 2.97103966096362 5 1000 12677 5
"217" "Y" 0.002 -0.45375 0.71125 0 1 8000 1 5 0.340731293541596 5 1000 12793 5
"218" "Y" 0.002 -0.495 0.05125 0 1 8000 1 5 2.97103966096362 5 1000 12802 5
"219" "Y" 0.02 -0.66 0.21625 0 1 8000 1 5 1.53132013317015 5 1000 13531 5
"220" "Y" 0.002 -0.04125 0.05125 0 1 8000 1 5 2.97103966096362 5 1000 12527 5
"221" "Y" 0.002 -0.37125 0.71125 0 1 8000 1 5 0.340731293541596 5 1000 12743 5
"222" "Y" 0.02 -0.7425 0.62875 0 1 8000 1 5 0.464021557568188 5 1000 13591 5
"223" "Y" 0.02 -0.53625 0.34 0 1 8000 1 5 1.07880966137193 5 1000 13459 5
"224" "Y" 0.02 -0.53625 0.835 0 1 8000 1 5 0.180323554131281 5 1000 13471 5
"225" "Y" 0.002 -0.66 0.5875 0 1 8000 1 5 0.531879032963823 5 1000 12915 5
"226" "Y" 0.02 -0.165 0.05125 0 1 8000 1 5 2.97103966096362 5 1000 13227 5
"227" "Y" 0.02 -0.2475 0.21625 0 1 8000 1 5 1.53132013317015 5 1000 13281 5
"228" "Y" 0.02 -0.99 0.34 0 1 8000 1 5 1.07880966137193 5 1000 13734 5
"229" "Y" 0.002 -0.4125 0.67 0 1 8000 1 5 0.400477566597125 5 1000 12767 5
"230" "Y" 0.002 -0.0825 0.67 0 1 8000 1 5 0.400477566597125 5 1000 12567 5
"231" "Y" 0.002 -0.66 0.62875 0 1 8000 1 5 0.464021557568188 5 1000 12916 5
"232" "Y" 0.002 -0.2475 0.67 0 1 8000 1 5 0.400477566597125 5 1000 12667 5
"233" "Y" 0.02 -0.825 0.505 0 1 8000 1 5 0.683196849706777 5 1000 13638 5
"234" "Y" 0.02 -0.53625 0.7525 0 1 8000 1 5 0.284354282359106 5 1000 13469 5
"235" "Y" 0.02 -0.99 0.05125 0 1 8000 1 5 2.97103966096362 5 1000 13727 5
"236" "Y" 0.02 -0.70125 0.01 0 1 8000 1 5 4.60517018598809 5 1000 13551 5
"237" "Y" 0.02 -0.12375 0.2575 0 1 8000 1 5 1.35673555887835 5 1000 13207 5
"238" "Y" 0.002 -0.33 0.79375 0 1 8000 1 5 0.230986728775236 5 1000 12720 5
"239" "Y" 0.02 -0.9075 0.5875 0 1 8000 1 5 0.531879032963823 5 1000 13690 5
"240" "Y" 0.002 -0.4125 0.05125 0 1 8000 1 5 2.97103966096362 5 1000 12752 5
"241" "Y" 0.02 -0.33 0.175 0 1 8000 1 5 1.74296930505862 5 1000 13330 5
"242" "Y" 0.02 -0.70125 0.34 0 1 8000 1 5 1.07880966137193 5 1000 13559 5
"243" "Y" 0.02 -0.53625 0.05125 0 1 8000 1 5 2.97103966096362 5 1000 13452 5
"244" "Y" 0.02 -0.825 0.0925 0 1 8000 1 5 2.38054663446376 5 1000 13628 5
"245" "Y" 0.02 -0.45375 0.01 0 1 8000 1 5 4.60517018598809 5 1000 13401 5
"246" "Y" 0.002 -0.4125 0.835 0 1 8000 1 5 0.180323554131281 5 1000 12771 5
"247" "Y" 0.002 -0.53625 0.95875 0 1 8000 1 5 0.042124926300671 5 1000 12849 5
"248" "Y" 0.02 -0.7425 0.505 0 1 8000 1 5 0.683196849706777 5 1000 13588 5
"249" "Y" 0.02 -0.7425 0.175 0 1 8000 1 5 1.74296930505862 5 1000 13580 5
"250" "Y" 0.002 -0.5775 0.34 0 1 8000 1 5 1.07880966137193 5 1000 12859 5
"251" "Y" 0.02 -0.495 0.01 0 1 8000 1 5 4.60517018598809 5 1000 13426 5
"252" "Y" 0.002 -0.495 0.4225 0 1 8000 1 5 0.861565832184908 5 1000 12811 5
"253" "Y" 0.02 -0.5775 0.62875 0 1 8000 1 5 0.464021557568188 5 1000 13491 5
"254" "Y" 0.002 -0.4125 0.95875 0 1 8000 1 5 0.042124926300671 5 1000 12774 5
"255" "Y" 0.02 -0.495 0.7525 0 1 8000 1 5 0.284354282359106 5 1000 13444 5
"256" "Y" 0.002 -0.33 0.87625 0 1 8000 1 5 0.132103840633337 5 1000 12722 5
"257" "Y" 0.02 -0.04125 0.505 0 1 8000 1 5 0.683196849706777 5 1000 13163 5
"258" "Y" 0.002 -0.37125 0.0925 0 1 8000 1 5 2.38054663446376 5 1000 12728 5
"259" "Y" 0.02 -0.78375 0.46375 0 1 8000 1 5 0.768409665060492 5 1000 13612 5
"260" "Y" 0.02 -0.20625 0.67 0 1 8000 1 5 0.400477566597125 5 1000 13267 5
"261" "Y" 0.002 -0.61875 0.505 0 1 8000 1 5 0.683196849706777 5 1000 12888 5
"262" "Y" 0.002 -0.0825 0.9175 0 1 8000 1 5 0.0861026990534116 5 1000 12573 5
"263" "Y" 0.02 -0.45375 0.38125 0 1 8000 1 5 0.964299951060516 5 1000 13410 5
"264" "Y" 0.002 -0.7425 0.13375 0 1 8000 1 5 2.01178289320602 5 1000 12954 5
"265" "Y" 0.02 -0.165 1 0 1 8000 1 5 0 5 1000 13250 5
"266" "Y" 0.02 -0.04125 0.67 0 1 8000 1 5 0.400477566597125 5 1000 13167 5
"267" "Y" 0.02 -0.825 0.4225 0 1 8000 1 5 0.861565832184908 5 1000 13636 5
"268" "Y" 0.02 -0.66 0.34 0 1 8000 1 5 1.07880966137193 5 1000 13534 5
"269" "Y" 0.02 -0.78375 0.29875 0 1 8000 1 5 1.20814817573642 5 1000 13608 5
"270" "Y" 0.002 -0.78375 0.38125 0 1 8000 1 5 0.964299951060516 5 1000 12985 5
"271" "Y" 0.02 -0.61875 0.9175 0 1 8000 1 5 0.0861026990534116 5 1000 13523 5
"272" "Y" 0.002 -0.165 0.34 0 1 8000 1 5 1.07880966137193 5 1000 12609 5
"273" "Y" 0.02 -0.5775 0.05125 0 1 8000 1 5 2.97103966096362 5 1000 13477 5
"274" "Y" 0.02 -0.825 0.835 0 1 8000 1 5 0.180323554131281 5 1000 13646 5
"275" "Y" 0.002 -0.165 0.505 0 1 8000 1 5 0.683196849706777 5 1000 12613 5
"276" "Y" 0.02 -0.99 0.67 0 1 8000 1 5 0.400477566597125 5 1000 13742 5
"277" "Y" 0.02 -0.66 0.2575 0 1 8000 1 5 1.35673555887835 5 1000 13532 5
"278" "Y" 0.002 -0.2475 0.29875 0 1 8000 1 5 1.20814817573642 5 1000 12658 5
"279" "Y" 0.002 -0.04125 1 0 1 8000 1 5 0 5 1000 12550 5
"280" "Y" 0.002 -0.165 0.0925 0 1 8000 1 5 2.38054663446376 5 1000 12603 5
"281" "Y" 0.02 -0.4125 0.5875 0 1 8000 1 5 0.531879032963823 5 1000 13390 5
"282" "Y" 0.02 -0.825 0.87625 0 1 8000 1 5 0.132103840633337 5 1000 13647 5
"283" "Y" 0.02 -0.61875 0.13375 0 1 8000 1 5 2.01178289320602 5 1000 13504 5
"284" "Y" 0.002 -0.99 0.34 0 1 8000 1 5 1.07880966137193 5 1000 13109 5
"285" "Y" 0.002 -0.28875 0.79375 0 1 8000 1 5 0.230986728775236 5 1000 12695 5
"286" "Y" 0.002 -0.20625 0.21625 0 1 8000 1 5 1.53132013317015 5 1000 12631 5
"287" "Y" 0.002 -0.37125 0.4225 0 1 8000 1 5 0.861565832184908 5 1000 12736 5
"288" "Y" 0.02 0 0.54625 0 1 8000 1 5 0.604678532572337 5 1000 13139 5
"289" "Y" 0.002 -0.825 0.34 0 1 8000 1 5 1.07880966137193 5 1000 13009 5
"290" "Y" 0.002 -0.495 0.79375 0 1 8000 1 5 0.230986728775236 5 1000 12820 5
"291" "Y" 0.002 -0.45375 0.29875 0 1 8000 1 5 1.20814817573642 5 1000 12783 5
"292" "Y" 0.02 -0.53625 0.175 0 1 8000 1 5 1.74296930505862 5 1000 13455 5
"293" "Y" 0.02 -0.2475 0.5875 0 1 8000 1 5 0.531879032963823 5 1000 13290 5
"294" "Y" 0.02 -0.12375 0.54625 0 1 8000 1 5 0.604678532572337 5 1000 13214 5
"295" "Y" 0.02 -0.70125 0.67 0 1 8000 1 5 0.400477566597125 5 1000 13567 5
"296" "Y" 0.02 -0.7425 0.87625 0 1 8000 1 5 0.132103840633337 5 1000 13597 5
"297" "Y" 0.02 -0.165 0.505 0 1 8000 1 5 0.683196849706777 5 1000 13238 5
"298" "Y" 0.02 -0.70125 0.38125 0 1 8000 1 5 0.964299951060516 5 1000 13560 5
"299" "Y" 0.002 -0.66 0.2575 0 1 8000 1 5 1.35673555887835 5 1000 12907 5
"300" "Y" 0.02 -0.7425 1 0 1 8000 1 5 0 5 1000 13600 5
"301" "Y" 0.02 -0.4125 0.71125 0 1 8000 1 5 0.340731293541596 5 1000 13393 5
"302" "Y" 0.002 -0.86625 0.71125 0 1 8000 1 5 0.340731293541596 5 1000 13043 5
"303" "Y" 0.002 -0.0825 0.05125 0 1 8000 1 5 2.97103966096362 5 1000 12552 5
"304" "Y" 0.02 -0.70125 0.5875 0 1 8000 1 5 0.531879032963823 5 1000 13565 5
"305" "Y" 0.002 -0.37125 0.54625 0 1 8000 1 5 0.604678532572337 5 1000 12739 5
"306" "Y" 0.002 -0.0825 0.7525 0 1 8000 1 5 0.284354282359106 5 1000 12569 5
"307" "Y" 0.002 -0.20625 0.2575 0 1 8000 1 5 1.35673555887835 5 1000 12632 5
"308" "Y" 0.02 -0.5775 0.13375 0 1 8000 1 5 2.01178289320602 5 1000 13479 5
"309" "Y" 0.02 -0.94875 0.9175 0 1 8000 1 5 0.0861026990534116 5 1000 13723 5
"310" "Y" 0.002 -0.9075 0.62875 0 1 8000 1 5 0.464021557568188 5 1000 13066 5
"311" "Y" 0.02 -0.04125 0.79375 0 1 8000 1 5 0.230986728775236 5 1000 13170 5
"312" "Y" 0.002 -0.53625 0.71125 0 1 8000 1 5 0.340731293541596 5 1000 12843 5
"313" "Y" 0.002 -0.04125 0.95875 0 1 8000 1 5 0.042124926300671 5 1000 12549 5
"314" "Y" 0.02 -0.4125 0.46375 0 1 8000 1 5 0.768409665060492 5 1000 13387 5
"315" "Y" 0.002 -0.70125 0.95875 0 1 8000 1 5 0.042124926300671 5 1000 12949 5
"316" "Y" 0.002 -0.20625 0.0925 0 1 8000 1 5 2.38054663446376 5 1000 12628 5
"317" "Y" 0.002 -0.99 0.7525 0 1 8000 1 5 0.284354282359106 5 1000 13119 5
"318" "Y" 0.002 -0.70125 0.67 0 1 8000 1 5 0.400477566597125 5 1000 12942 5
"319" "Y" 0.02 -0.78375 0.71125 0 1 8000 1 5 0.340731293541596 5 1000 13618 5
"320" "Y" 0.02 -0.66 0.4225 0 1 8000 1 5 0.861565832184908 5 1000 13536 5
"321" "Y" 0.002 -0.495 0.9175 0 1 8000 1 5 0.0861026990534116 5 1000 12823 5
"322" "Y" 0.02 -0.66 0.835 0 1 8000 1 5 0.180323554131281 5 1000 13546 5
"323" "Y" 0.02 -0.825 0.38125 0 1 8000 1 5 0.964299951060516 5 1000 13635 5
"324" "Y" 0.02 -0.12375 0.13375 0 1 8000 1 5 2.01178289320602 5 1000 13204 5
"325" "Y" 0.002 -0.04125 0.835 0 1 8000 1 5 0.180323554131281 5 1000 12546 5
"326" "Y" 0.02 -0.78375 0.87625 0 1 8000 1 5 0.132103840633337 5 1000 13622 5
"327" "Y" 0.002 -0.37125 0.29875 0 1 8000 1 5 1.20814817573642 5 1000 12733 5
"328" "Y" 0.002 -0.9075 0.175 0 1 8000 1 5 1.74296930505862 5 1000 13055 5
"329" "Y" 0.02 -0.86625 0.505 0 1 8000 1 5 0.683196849706777 5 1000 13663 5
"330" "Y" 0.02 -0.86625 0.54625 0 1 8000 1 5 0.604678532572337 5 1000 13664 5
"331" "Y" 0.002 -0.78375 0.835 0 1 8000 1 5 0.180323554131281 5 1000 12996 5
"332" "Y" 0.02 0 0.9175 0 1 8000 1 5 0.0861026990534116 5 1000 13148 5
"333" "Y" 0.02 -0.04125 0.5875 0 1 8000 1 5 0.531879032963823 5 1000 13165 5
"334" "Y" 0.02 -0.7425 0.29875 0 1 8000 1 5 1.20814817573642 5 1000 13583 5
"335" "Y" 0.002 -0.94875 0.4225 0 1 8000 1 5 0.861565832184908 5 1000 13086 5
"336" "Y" 0.02 -0.99 0.835 0 1 8000 1 5 0.180323554131281 5 1000 13746 5
"337" "Y" 0.002 -0.99 0.95875 0 1 8000 1 5 0.042124926300671 5 1000 13124 5
"338" "Y" 0.002 -0.78375 0.5875 0 1 8000 1 5 0.531879032963823 5 1000 12990 5
"339" "Y" 0.002 0 0.5875 0 1 8000 1 5 0.531879032963823 5 1000 12515 5
"340" "Y" 0.02 -0.61875 0.5875 0 1 8000 1 5 0.531879032963823 5 1000 13515 5
"341" "Y" 0.002 0 0.4225 0 1 8000 1 5 0.861565832184908 5 1000 12511 5
"342" "Y" 0.02 -0.78375 0.01 0 1 8000 1 5 4.60517018598809 5 1000 13601 5
"343" "Y" 0.002 -0.37125 0.05125 0 1 8000 1 5 2.97103966096362 5 1000 12727 5
"344" "Y" 0.02 -0.53625 0.87625 0 1 8000 1 5 0.132103840633337 5 1000 13472 5
"345" "Y" 0.002 -0.7425 0.46375 0 1 8000 1 5 0.768409665060492 5 1000 12962 5
"346" "Y" 0.002 -0.165 1 0 1 8000 1 5 0 5 1000 12625 5
"347" "Y" 0.002 -0.37125 0.95875 0 1 8000 1 5 0.042124926300671 5 1000 12749 5
"348" "Y" 0.02 -0.45375 0.2575 0 1 8000 1 5 1.35673555887835 5 1000 13407 5
"349" "Y" 0.002 -0.28875 0.29875 0 1 8000 1 5 1.20814817573642 5 1000 12683 5
"350" "Y" 0.02 -0.61875 0.54625 0 1 8000 1 5 0.604678532572337 5 1000 13514 5
"351" "Y" 0.02 -0.04125 0.7525 0 1 8000 1 5 0.284354282359106 5 1000 13169 5
"352" "Y" 0.02 -0.66 1 0 1 8000 1 5 0 5 1000 13550 5
"353" "Y" 0.002 -0.2475 0.54625 0 1 8000 1 5 0.604678532572337 5 1000 12664 5
"354" "Y" 0.002 -0.5775 0.505 0 1 8000 1 5 0.683196849706777 5 1000 12863 5
"355" "Y" 0.02 -0.20625 0.71125 0 1 8000 1 5 0.340731293541596 5 1000 13268 5
"356" "Y" 0.002 -0.825 0.38125 0 1 8000 1 5 0.964299951060516 5 1000 13010 5
"357" "Y" 0.002 -0.28875 0.54625 0 1 8000 1 5 0.604678532572337 5 1000 12689 5
"358" "Y" 0.002 -0.66 0.0925 0 1 8000 1 5 2.38054663446376 5 1000 12903 5
"359" "Y" 0.02 -0.2475 0.01 0 1 8000 1 5 4.60517018598809 5 1000 13276 5
"360" "Y" 0.02 -0.12375 0.175 0 1 8000 1 5 1.74296930505862 5 1000 13205 5
"361" "Y" 0.02 -0.9075 0.38125 0 1 8000 1 5 0.964299951060516 5 1000 13685 5
"362" "Y" 0.02 -0.495 0.0925 0 1 8000 1 5 2.38054663446376 5 1000 13428 5
"363" "Y" 0.02 -0.495 0.505 0 1 8000 1 5 0.683196849706777 5 1000 13438 5
"364" "Y" 0.002 -0.2475 0.835 0 1 8000 1 5 0.180323554131281 5 1000 12671 5
"365" "Y" 0.02 -0.70125 0.13375 0 1 8000 1 5 2.01178289320602 5 1000 13554 5
"366" "Y" 0.002 -0.61875 0.62875 0 1 8000 1 5 0.464021557568188 5 1000 12891 5
"367" "Y" 0.002 -0.4125 0.46375 0 1 8000 1 5 0.768409665060492 5 1000 12762 5
"368" "Y" 0.002 -0.495 0.38125 0 1 8000 1 5 0.964299951060516 5 1000 12810 5
"369" "Y" 0.02 -0.0825 0.29875 0 1 8000 1 5 1.20814817573642 5 1000 13183 5
"370" "Y" 0.002 -0.53625 0.505 0 1 8000 1 5 0.683196849706777 5 1000 12838 5
"371" "Y" 0.02 -0.66 0.175 0 1 8000 1 5 1.74296930505862 5 1000 13530 5
"372" "Y" 0.02 -0.12375 1 0 1 8000 1 5 0 5 1000 13225 5
"373" "Y" 0.002 -0.99 0.01 0 1 8000 1 5 4.60517018598809 5 1000 13101 5
"374" "Y" 0.002 -0.2475 0.0925 0 1 8000 1 5 2.38054663446376 5 1000 12653 5
"375" "Y" 0.002 -0.7425 0.5875 0 1 8000 1 5 0.531879032963823 5 1000 12965 5
"376" "Y" 0.002 -0.53625 0.54625 0 1 8000 1 5 0.604678532572337 5 1000 12839 5
"377" "Y" 0.002 -0.20625 0.34 0 1 8000 1 5 1.07880966137193 5 1000 12634 5
"378" "Y" 0.02 -0.20625 0.62875 0 1 8000 1 5 0.464021557568188 5 1000 13266 5
"379" "Y" 0.02 -0.2475 0.13375 0 1 8000 1 5 2.01178289320602 5 1000 13279 5
"380" "Y" 0.02 0 0.4225 0 1 8000 1 5 0.861565832184908 5 1000 13136 5
"381" "Y" 0.002 -0.53625 0.4225 0 1 8000 1 5 0.861565832184908 5 1000 12836 5
"382" "Y" 0.02 -0.94875 0.95875 0 1 8000 1 5 0.042124926300671 5 1000 13724 5
"383" "Y" 0.002 -0.495 0.13375 0 1 8000 1 5 2.01178289320602 5 1000 12804 5
"384" "Y" 0.02 -0.86625 0.67 0 1 8000 1 5 0.400477566597125 5 1000 13667 5
"385" "Y" 0.02 -0.0825 0.505 0 1 8000 1 5 0.683196849706777 5 1000 13188 5
"386" "Y" 0.002 -0.5775 0.95875 0 1 8000 1 5 0.042124926300671 5 1000 12874 5
"387" "Y" 0.02 -0.28875 0.87625 0 1 8000 1 5 0.132103840633337 5 1000 13322 5
"388" "Y" 0.002 -0.78375 0.34 0 1 8000 1 5 1.07880966137193 5 1000 12984 5
"389" "Y" 0.002 -0.495 0.54625 0 1 8000 1 5 0.604678532572337 5 1000 12814 5
"390" "Y" 0.002 -0.99 0.05125 0 1 8000 1 5 2.97103966096362 5 1000 13102 5
"391" "Y" 0.02 -0.28875 0.01 0 1 8000 1 5 4.60517018598809 5 1000 13301 5
"392" "Y" 0.002 -0.45375 1 0 1 8000 1 5 0 5 1000 12800 5
"393" "Y" 0.002 -0.4125 0.62875 0 1 8000 1 5 0.464021557568188 5 1000 12766 5
"394" "Y" 0.002 -0.04125 0.5875 0 1 8000 1 5 0.531879032963823 5 1000 12540 5
"395" "Y" 0.002 -0.9075 1 0 1 8000 1 5 0 5 1000 13075 5
"396" "Y" 0.02 -0.94875 0.175 0 1 8000 1 5 1.74296930505862 5 1000 13705 5
"397" "Y" 0.02 0 0.2575 0 1 8000 1 5 1.35673555887835 5 1000 13132 5
"398" "Y" 0.002 -0.7425 0.01 0 1 8000 1 5 4.60517018598809 5 1000 12951 5
"399" "Y" 0.002 -0.61875 0.29875 0 1 8000 1 5 1.20814817573642 5 1000 12883 5
"400" "Y" 0.02 0 1 0 1 8000 1 5 0 5 1000 13150 5
"401" "Y" 0.02 -0.0825 0.87625 0 1 8000 1 5 0.132103840633337 5 1000 13197 5
"402" "Y" 0.002 0 0.01 0 1 8000 1 5 4.60517018598809 5 1000 12501 5
"403" "Y" 0.002 -0.495 0.21625 0 1 8000 1 5 1.53132013317015 5 1000 12806 5
"404" "Y" 0.02 -0.0825 0.175 0 1 8000 1 5 1.74296930505862 5 1000 13180 5
"405" "Y" 0.002 -0.20625 0.95875 0 1 8000 1 5 0.042124926300671 5 1000 12649 5
"406" "Y" 0.02 -0.70125 0.54625 0 1 8000 1 5 0.604678532572337 5 1000 13564 5
"407" "Y" 0.002 -0.5775 0.175 0 1 8000 1 5 1.74296930505862 5 1000 12855 5
"408" "Y" 0.002 -0.2475 0.13375 0 1 8000 1 5 2.01178289320602 5 1000 12654 5
"409" "Y" 0.002 -0.825 0.7525 0 1 8000 1 5 0.284354282359106 5 1000 13019 5
"410" "Y" 0.002 -0.495 0.29875 0 1 8000 1 5 1.20814817573642 5 1000 12808 5
"411" "Y" 0.02 -0.33 0.54625 0 1 8000 1 5 0.604678532572337 5 1000 13339 5
"412" "Y" 0.02 -0.4125 0.505 0 1 8000 1 5 0.683196849706777 5 1000 13388 5
"413" "Y" 0.02 -0.61875 0.835 0 1 8000 1 5 0.180323554131281 5 1000 13521 5
"414" "Y" 0.002 -0.86625 0.05125 0 1 8000 1 5 2.97103966096362 5 1000 13027 5
"415" "Y" 0.002 -0.28875 0.0925 0 1 8000 1 5 2.38054663446376 5 1000 12678 5
"416" "Y" 0.002 -0.12375 0.9175 0 1 8000 1 5 0.0861026990534116 5 1000 12598 5
"417" "Y" 0.02 -0.4125 0.34 0 1 8000 1 5 1.07880966137193 5 1000 13384 5
"418" "Y" 0.02 -0.86625 0.2575 0 1 8000 1 5 1.35673555887835 5 1000 13657 5
"419" "Y" 0.002 -0.66 0.71125 0 1 8000 1 5 0.340731293541596 5 1000 12918 5
"420" "Y" 0.002 -0.165 0.7525 0 1 8000 1 5 0.284354282359106 5 1000 12619 5
"421" "Y" 0.002 -0.78375 0.505 0 1 8000 1 5 0.683196849706777 5 1000 12988 5
"422" "Y" 0.02 -0.9075 0.79375 0 1 8000 1 5 0.230986728775236 5 1000 13695 5
"423" "Y" 0.002 -0.12375 0.05125 0 1 8000 1 5 2.97103966096362 5 1000 12577 5
"424" "Y" 0.002 -0.53625 0.62875 0 1 8000 1 5 0.464021557568188 5 1000 12841 5
"425" "Y" 0.002 -0.70125 0.175 0 1 8000 1 5 1.74296930505862 5 1000 12930 5
"426" "Y" 0.002 -0.70125 0.34 0 1 8000 1 5 1.07880966137193 5 1000 12934 5
"427" "Y" 0.002 -0.86625 1 0 1 8000 1 5 0 5 1000 13050 5
"428" "Y" 0.002 -0.12375 0.5875 0 1 8000 1 5 0.531879032963823 5 1000 12590 5
"429" "Y" 0.02 -0.94875 0.21625 0 1 8000 1 5 1.53132013317015 5 1000 13706 5
"430" "Y" 0.02 -0.94875 0.34 0 1 8000 1 5 1.07880966137193 5 1000 13709 5
"431" "Y" 0.002 -0.45375 0.9175 0 1 8000 1 5 0.0861026990534116 5 1000 12798 5
"432" "Y" 0.02 0 0.0925 0 1 8000 1 5 2.38054663446376 5 1000 13128 5
"433" "Y" 0.002 -0.53625 0.34 0 1 8000 1 5 1.07880966137193 5 1000 12834 5
"434" "Y" 0.02 -0.5775 1 0 1 8000 1 5 0 5 1000 13500 5
"435" "Y" 0.002 -0.66 0.34 0 1 8000 1 5 1.07880966137193 5 1000 12909 5
"436" "Y" 0.002 -0.165 0.38125 0 1 8000 1 5 0.964299951060516 5 1000 12610 5
"437" "Y" 0.02 0 0.95875 0 1 8000 1 5 0.042124926300671 5 1000 13149 5
"438" "Y" 0.02 -0.12375 0.71125 0 1 8000 1 5 0.340731293541596 5 1000 13218 5
"439" "Y" 0.02 -0.495 0.46375 0 1 8000 1 5 0.768409665060492 5 1000 13437 5
"440" "Y" 0.02 -0.66 0.0925 0 1 8000 1 5 2.38054663446376 5 1000 13528 5
"441" "Y" 0.02 -0.37125 0.71125 0 1 8000 1 5 0.340731293541596 5 1000 13368 5
"442" "Y" 0.002 -0.33 0.29875 0 1 8000 1 5 1.20814817573642 5 1000 12708 5
"443" "Y" 0.02 -0.61875 0.175 0 1 8000 1 5 1.74296930505862 5 1000 13505 5
"444" "Y" 0.002 -0.4125 0.79375 0 1 8000 1 5 0.230986728775236 5 1000 12770 5
"445" "Y" 0.002 -0.5775 0.05125 0 1 8000 1 5 2.97103966096362 5 1000 12852 5
"446" "Y" 0.002 0 0.0925 0 1 8000 1 5 2.38054663446376 5 1000 12503 5
"447" "Y" 0.002 -0.70125 0.38125 0 1 8000 1 5 0.964299951060516 5 1000 12935 5
"448" "Y" 0.002 -0.70125 0.71125 0 1 8000 1 5 0.340731293541596 5 1000 12943 5
"449" "Y" 0.002 -0.5775 0.67 0 1 8000 1 5 0.400477566597125 5 1000 12867 5
"450" "Y" 0.02 -0.61875 0.46375 0 1 8000 1 5 0.768409665060492 5 1000 13512 5
"451" "Y" 0.002 -0.37125 0.835 0 1 8000 1 5 0.180323554131281 5 1000 12746 5
"452" "Y" 0.02 -0.70125 0.505 0 1 8000 1 5 0.683196849706777 5 1000 13563 5
"453" "Y" 0.02 -0.45375 0.67 0 1 8000 1 5 0.400477566597125 5 1000 13417 5
"454" "Y" 0.002 -0.45375 0.13375 0 1 8000 1 5 2.01178289320602 5 1000 12779 5
"455" "Y" 0.02 -0.04125 0.34 0 1 8000 1 5 1.07880966137193 5 1000 13159 5
"456" "Y" 0.02 -0.45375 0.34 0 1 8000 1 5 1.07880966137193 5 1000 13409 5
"457" "Y" 0.002 -0.4125 0.175 0 1 8000 1 5 1.74296930505862 5 1000 12755 5
"458" "Y" 0.002 -0.5775 0.7525 0 1 8000 1 5 0.284354282359106 5 1000 12869 5
"459" "Y" 0.02 -0.78375 0.0925 0 1 8000 1 5 2.38054663446376 5 1000 13603 5
"460" "Y" 0.02 -0.33 0.835 0 1 8000 1 5 0.180323554131281 5 1000 13346 5
"461" "Y" 0.002 -0.33 0.34 0 1 8000 1 5 1.07880966137193 5 1000 12709 5
"462" "Y" 0.02 -0.7425 0.2575 0 1 8000 1 5 1.35673555887835 5 1000 13582 5
"463" "Y" 0.02 -0.165 0.62875 0 1 8000 1 5 0.464021557568188 5 1000 13241 5
"464" "Y" 0.002 -0.7425 0.29875 0 1 8000 1 5 1.20814817573642 5 1000 12958 5
"465" "Y" 0.02 -0.5775 0.54625 0 1 8000 1 5 0.604678532572337 5 1000 13489 5
"466" "Y" 0.002 0 0.38125 0 1 8000 1 5 0.964299951060516 5 1000 12510 5
"467" "Y" 0.002 -0.2475 0.7525 0 1 8000 1 5 0.284354282359106 5 1000 12669 5
"468" "Y" 0.002 -0.61875 0.7525 0 1 8000 1 5 0.284354282359106 5 1000 12894 5
"469" "Y" 0.02 -0.7425 0.54625 0 1 8000 1 5 0.604678532572337 5 1000 13589 5
"470" "Y" 0.002 -0.12375 0.87625 0 1 8000 1 5 0.132103840633337 5 1000 12597 5
"471" "Y" 0.02 -0.7425 0.46375 0 1 8000 1 5 0.768409665060492 5 1000 13587 5
"472" "Y" 0.002 -0.7425 0.21625 0 1 8000 1 5 1.53132013317015 5 1000 12956 5
"473" "Y" 0.02 -0.495 0.5875 0 1 8000 1 5 0.531879032963823 5 1000 13440 5
"474" "Y" 0.002 -0.2475 0.34 0 1 8000 1 5 1.07880966137193 5 1000 12659 5
"475" "Y" 0.002 -0.165 0.9175 0 1 8000 1 5 0.0861026990534116 5 1000 12623 5
"476" "Y" 0.002 -0.495 0.505 0 1 8000 1 5 0.683196849706777 5 1000 12813 5
"477" "Y" 0.02 -0.94875 0.62875 0 1 8000 1 5 0.464021557568188 5 1000 13716 5
"478" "Y" 0.02 -0.28875 0.54625 0 1 8000 1 5 0.604678532572337 5 1000 13314 5
"479" "Y" 0.002 -0.37125 0.62875 0 1 8000 1 5 0.464021557568188 5 1000 12741 5
"480" "Y" 0.02 -0.53625 0.01 0 1 8000 1 5 4.60517018598809 5 1000 13451 5
"481" "Y" 0.02 -0.495 0.95875 0 1 8000 1 5 0.042124926300671 5 1000 13449 5
"482" "Y" 0.002 -0.495 0.95875 0 1 8000 1 5 0.042124926300671 5 1000 12824 5
"483" "Y" 0.002 -0.20625 0.79375 0 1 8000 1 5 0.230986728775236 5 1000 12645 5
"484" "Y" 0.002 -0.20625 0.835 0 1 8000 1 5 0.180323554131281 5 1000 12646 5
"485" "Y" 0.02 -0.37125 0.34 0 1 8000 1 5 1.07880966137193 5 1000 13359 5
"486" "Y" 0.02 -0.37125 1 0 1 8000 1 5 0 5 1000 13375 5
"487" "Y" 0.002 -0.78375 0.46375 0 1 8000 1 5 0.768409665060492 5 1000 12987 5
"488" "Y" 0.002 -0.99 0.71125 0 1 8000 1 5 0.340731293541596 5 1000 13118 5
"489" "Y" 0.02 -0.78375 0.79375 0 1 8000 1 5 0.230986728775236 5 1000 13620 5
"490" "Y" 0.002 -0.28875 0.4225 0 1 8000 1 5 0.861565832184908 5 1000 12686 5
"491" "Y" 0.02 -0.53625 0.95875 0 1 8000 1 5 0.042124926300671 5 1000 13474 5
"492" "Y" 0.002 -0.495 0.46375 0 1 8000 1 5 0.768409665060492 5 1000 12812 5
"493" "Y" 0.02 -0.66 0.46375 0 1 8000 1 5 0.768409665060492 5 1000 13537 5
"494" "Y" 0.02 -0.45375 0.505 0 1 8000 1 5 0.683196849706777 5 1000 13413 5
"495" "Y" 0.002 0 0.2575 0 1 8000 1 5 1.35673555887835 5 1000 12507 5
"496" "Y" 0.02 -0.825 0.46375 0 1 8000 1 5 0.768409665060492 5 1000 13637 5
"497" "Y" 0.02 -0.0825 0.835 0 1 8000 1 5 0.180323554131281 5 1000 13196 5
"498" "Y" 0.02 -0.78375 0.13375 0 1 8000 1 5 2.01178289320602 5 1000 13604 5
"499" "Y" 0.02 -0.12375 0.21625 0 1 8000 1 5 1.53132013317015 5 1000 13206 5
"500" "Y" 0.002 -0.99 0.62875 0 1 8000 1 5 0.464021557568188 5 1000 13116 5
"501" "Y" 0.02 -0.28875 0.5875 0 1 8000 1 5 0.531879032963823 5 1000 13315 5
"502" "Y" 0.02 -0.04125 0.87625 0 1 8000 1 5 0.132103840633337 5 1000 13172 5
"503" "Y" 0.002 -0.12375 0.95875 0 1 8000 1 5 0.042124926300671 5 1000 12599 5
"504" "Y" 0.02 -0.53625 0.13375 0 1 8000 1 5 2.01178289320602 5 1000 13454 5
"505" "Y" 0.002 0 0.67 0 1 8000 1 5 0.400477566597125 5 1000 12517 5
"506" "Y" 0.02 -0.20625 0.46375 0 1 8000 1 5 0.768409665060492 5 1000 13262 5
"507" "Y" 0.002 -0.61875 0.835 0 1 8000 1 5 0.180323554131281 5 1000 12896 5
"508" "Y" 0.02 -0.9075 0.505 0 1 8000 1 5 0.683196849706777 5 1000 13688 5
"509" "Y" 0.002 -0.94875 0.95875 0 1 8000 1 5 0.042124926300671 5 1000 13099 5
"510" "Y" 0.02 -0.04125 0.21625 0 1 8000 1 5 1.53132013317015 5 1000 13156 5
"511" "Y" 0.02 -0.12375 0.87625 0 1 8000 1 5 0.132103840633337 5 1000 13222 5
"512" "Y" 0.02 -0.5775 0.67 0 1 8000 1 5 0.400477566597125 5 1000 13492 5
"513" "Y" 0.002 -0.7425 1 0 1 8000 1 5 0 5 1000 12975 5
"514" "Y" 0.02 -0.33 1 0 1 8000 1 5 0 5 1000 13350 5
"515" "Y" 0.02 -0.165 0.01 0 1 8000 1 5 4.60517018598809 5 1000 13226 5
"516" "Y" 0.002 -0.495 0.835 0 1 8000 1 5 0.180323554131281 5 1000 12821 5
"517" "Y" 0.02 -0.20625 0.79375 0 1 8000 1 5 0.230986728775236 5 1000 13270 5
"518" "Y" 0.02 -0.37125 0.13375 0 1 8000 1 5 2.01178289320602 5 1000 13354 5
"519" "Y" 0.02 0 0.505 0 1 8000 1 5 0.683196849706777 5 1000 13138 5
"520" "Y" 0.002 -0.12375 0.4225 0 1 8000 1 5 0.861565832184908 5 1000 12586 5
"521" "Y" 0.002 -0.825 0.4225 0 1 8000 1 5 0.861565832184908 5 1000 13011 5
"522" "Y" 0.002 -0.45375 0.79375 0 1 8000 1 5 0.230986728775236 5 1000 12795 5
"523" "Y" 0.002 -0.4125 0.2575 0 1 8000 1 5 1.35673555887835 5 1000 12757 5
"524" "Y" 0.02 -0.4125 0.79375 0 1 8000 1 5 0.230986728775236 5 1000 13395 5
"525" "Y" 0.002 -0.495 0.2575 0 1 8000 1 5 1.35673555887835 5 1000 12807 5
"526" "Y" 0.02 -0.99 0.79375 0 1 8000 1 5 0.230986728775236 5 1000 13745 5
"527" "Y" 0.002 -0.7425 0.175 0 1 8000 1 5 1.74296930505862 5 1000 12955 5
"528" "Y" 0.002 -0.5775 0.4225 0 1 8000 1 5 0.861565832184908 5 1000 12861 5
"529" "Y" 0.02 -0.495 0.835 0 1 8000 1 5 0.180323554131281 5 1000 13446 5
"530" "Y" 0.02 -0.2475 0.62875 0 1 8000 1 5 0.464021557568188 5 1000 13291 5
"531" "Y" 0.02 -0.53625 0.21625 0 1 8000 1 5 1.53132013317015 5 1000 13456 5
"532" "Y" 0.02 -0.20625 0.21625 0 1 8000 1 5 1.53132013317015 5 1000 13256 5
"533" "Y" 0.02 -0.12375 0.9175 0 1 8000 1 5 0.0861026990534116 5 1000 13223 5
"534" "Y" 0.02 -0.53625 0.79375 0 1 8000 1 5 0.230986728775236 5 1000 13470 5
"535" "Y" 0.002 -0.12375 0.79375 0 1 8000 1 5 0.230986728775236 5 1000 12595 5
"536" "Y" 0.02 -0.9075 0.9175 0 1 8000 1 5 0.0861026990534116 5 1000 13698 5
"537" "Y" 0.002 -0.78375 0.9175 0 1 8000 1 5 0.0861026990534116 5 1000 12998 5
"538" "Y" 0.002 -0.45375 0.5875 0 1 8000 1 5 0.531879032963823 5 1000 12790 5
"539" "Y" 0.02 -0.37125 0.87625 0 1 8000 1 5 0.132103840633337 5 1000 13372 5
"540" "Y" 0.02 -0.94875 0.2575 0 1 8000 1 5 1.35673555887835 5 1000 13707 5
"541" "Y" 0.02 -0.7425 0.9175 0 1 8000 1 5 0.0861026990534116 5 1000 13598 5
"542" "Y" 0.02 -0.825 0.5875 0 1 8000 1 5 0.531879032963823 5 1000 13640 5
"543" "Y" 0.02 -0.4125 0.38125 0 1 8000 1 5 0.964299951060516 5 1000 13385 5
"544" "Y" 0.02 0 0.38125 0 1 8000 1 5 0.964299951060516 5 1000 13135 5
"545" "Y" 0.002 -0.0825 0.0925 0 1 8000 1 5 2.38054663446376 5 1000 12553 5
"546" "Y" 0.02 -0.0825 0.67 0 1 8000 1 5 0.400477566597125 5 1000 13192 5
"547" "Y" 0.02 -0.33 0.87625 0 1 8000 1 5 0.132103840633337 5 1000 13347 5
"548" "Y" 0.02 -0.495 0.4225 0 1 8000 1 5 0.861565832184908 5 1000 13436 5
"549" "Y" 0.02 -0.825 0.79375 0 1 8000 1 5 0.230986728775236 5 1000 13645 5
"550" "Y" 0.002 -0.45375 0.0925 0 1 8000 1 5 2.38054663446376 5 1000 12778 5
"551" "Y" 0.02 -0.70125 0.05125 0 1 8000 1 5 2.97103966096362 5 1000 13552 5
"552" "Y" 0.02 -0.45375 0.13375 0 1 8000 1 5 2.01178289320602 5 1000 13404 5
"553" "Y" 0.02 -0.61875 0.67 0 1 8000 1 5 0.400477566597125 5 1000 13517 5
"554" "Y" 0.002 -0.12375 0.2575 0 1 8000 1 5 1.35673555887835 5 1000 12582 5
"555" "Y" 0.02 -0.12375 0.34 0 1 8000 1 5 1.07880966137193 5 1000 13209 5
"556" "Y" 0.02 -0.20625 0.505 0 1 8000 1 5 0.683196849706777 5 1000 13263 5
"557" "Y" 0.02 -0.2475 0.7525 0 1 8000 1 5 0.284354282359106 5 1000 13294 5
"558" "Y" 0.02 -0.4125 0.67 0 1 8000 1 5 0.400477566597125 5 1000 13392 5
"559" "Y" 0.02 -0.7425 0.13375 0 1 8000 1 5 2.01178289320602 5 1000 13579 5
"560" "Y" 0.02 -0.165 0.21625 0 1 8000 1 5 1.53132013317015 5 1000 13231 5
"561" "Y" 0.002 -0.70125 1 0 1 8000 1 5 0 5 1000 12950 5
"562" "Y" 0.02 -0.94875 0.54625 0 1 8000 1 5 0.604678532572337 5 1000 13714 5
"563" "Y" 0.002 -0.7425 0.0925 0 1 8000 1 5 2.38054663446376 5 1000 12953 5
"564" "Y" 0.02 -0.9075 0.62875 0 1 8000 1 5 0.464021557568188 5 1000 13691 5
"565" "Y" 0.002 -0.86625 0.4225 0 1 8000 1 5 0.861565832184908 5 1000 13036 5
"566" "Y" 0.002 -0.5775 0.01 0 1 8000 1 5 4.60517018598809 5 1000 12851 5
"567" "Y" 0.002 -0.165 0.29875 0 1 8000 1 5 1.20814817573642 5 1000 12608 5
"568" "Y" 0.002 -0.9075 0.0925 0 1 8000 1 5 2.38054663446376 5 1000 13053 5
"569" "Y" 0.02 -0.5775 0.505 0 1 8000 1 5 0.683196849706777 5 1000 13488 5
"570" "Y" 0.02 -0.20625 0.05125 0 1 8000 1 5 2.97103966096362 5 1000 13252 5
"571" "Y" 0.002 -0.04125 0.4225 0 1 8000 1 5 0.861565832184908 5 1000 12536 5
"572" "Y" 0.002 -0.825 0.01 0 1 8000 1 5 4.60517018598809 5 1000 13001 5
"573" "Y" 0.002 -0.2475 0.46375 0 1 8000 1 5 0.768409665060492 5 1000 12662 5
"574" "Y" 0.002 -0.0825 0.34 0 1 8000 1 5 1.07880966137193 5 1000 12559 5
"575" "Y" 0.02 -0.37125 0.175 0 1 8000 1 5 1.74296930505862 5 1000 13355 5
"576" "Y" 0.002 0 0.71125 0 1 8000 1 5 0.340731293541596 5 1000 12518 5
"577" "Y" 0.02 -0.94875 0.29875 0 1 8000 1 5 1.20814817573642 5 1000 13708 5
"578" "Y" 0.02 -0.825 0.29875 0 1 8000 1 5 1.20814817573642 5 1000 13633 5
"579" "Y" 0.02 -0.70125 0.62875 0 1 8000 1 5 0.464021557568188 5 1000 13566 5
"580" "Y" 0.002 -0.66 1 0 1 8000 1 5 0 5 1000 12925 5
"581" "Y" 0.02 -0.0825 0.71125 0 1 8000 1 5 0.340731293541596 5 1000 13193 5
"582" "Y" 0.02 -0.61875 0.01 0 1 8000 1 5 4.60517018598809 5 1000 13501 5
"583" "Y" 0.02 -0.45375 0.7525 0 1 8000 1 5 0.284354282359106 5 1000 13419 5
"584" "Y" 0.02 0 0.46375 0 1 8000 1 5 0.768409665060492 5 1000 13137 5
"585" "Y" 0.02 -0.61875 0.87625 0 1 8000 1 5 0.132103840633337 5 1000 13522 5
"586" "Y" 0.002 -0.165 0.87625 0 1 8000 1 5 0.132103840633337 5 1000 12622 5
"587" "Y" 0.002 -0.94875 0.29875 0 1 8000 1 5 1.20814817573642 5 1000 13083 5
"588" "Y" 0.002 -0.20625 0.505 0 1 8000 1 5 0.683196849706777 5 1000 12638 5
"589" "Y" 0.02 -0.53625 0.505 0 1 8000 1 5 0.683196849706777 5 1000 13463 5
"590" "Y" 0.002 -0.825 1 0 1 8000 1 5 0 5 1000 13025 5
"591" "Y" 0.002 -0.61875 0.87625 0 1 8000 1 5 0.132103840633337 5 1000 12897 5
"592" "Y" 0.002 -0.4125 0.71125 0 1 8000 1 5 0.340731293541596 5 1000 12768 5
"593" "Y" 0.002 -0.78375 0.01 0 1 8000 1 5 4.60517018598809 5 1000 12976 5
"594" "Y" 0.002 -0.5775 0.2575 0 1 8000 1 5 1.35673555887835 5 1000 12857 5
"595" "Y" 0.002 -0.5775 0.87625 0 1 8000 1 5 0.132103840633337 5 1000 12872 5
"596" "Y" 0.002 -0.86625 0.67 0 1 8000 1 5 0.400477566597125 5 1000 13042 5
"597" "Y" 0.002 -0.5775 1 0 1 8000 1 5 0 5 1000 12875 5
"598" "Y" 0.002 -0.70125 0.835 0 1 8000 1 5 0.180323554131281 5 1000 12946 5
"599" "Y" 0.002 -0.825 0.29875 0 1 8000 1 5 1.20814817573642 5 1000 13008 5
"600" "Y" 0.002 -0.37125 0.01 0 1 8000 1 5 4.60517018598809 5 1000 12726 5
"601" "Y" 0.02 -0.2475 0.505 0 1 8000 1 5 0.683196849706777 5 1000 13288 5
"602" "Y" 0.002 -0.7425 0.67 0 1 8000 1 5 0.400477566597125 5 1000 12967 5
"603" "Y" 0.002 -0.37125 0.21625 0 1 8000 1 5 1.53132013317015 5 1000 12731 5
"604" "Y" 0.02 -0.495 0.21625 0 1 8000 1 5 1.53132013317015 5 1000 13431 5
"605" "Y" 0.02 -0.9075 0.71125 0 1 8000 1 5 0.340731293541596 5 1000 13693 5
"606" "Y" 0.02 -0.66 0.38125 0 1 8000 1 5 0.964299951060516 5 1000 13535 5
"607" "Y" 0.002 -0.37125 0.67 0 1 8000 1 5 0.400477566597125 5 1000 12742 5
"608" "Y" 0.002 -0.70125 0.4225 0 1 8000 1 5 0.861565832184908 5 1000 12936 5
"609" "Y" 0.002 -0.2475 0.505 0 1 8000 1 5 0.683196849706777 5 1000 12663 5
"610" "Y" 0.02 -0.66 0.13375 0 1 8000 1 5 2.01178289320602 5 1000 13529 5
"611" "Y" 0.02 -0.37125 0.67 0 1 8000 1 5 0.400477566597125 5 1000 13367 5
"612" "Y" 0.02 -0.04125 0.9175 0 1 8000 1 5 0.0861026990534116 5 1000 13173 5
"613" "Y" 0.02 -0.70125 0.79375 0 1 8000 1 5 0.230986728775236 5 1000 13570 5
"614" "Y" 0.002 -0.86625 0.175 0 1 8000 1 5 1.74296930505862 5 1000 13030 5
"615" "Y" 0.02 -0.165 0.9175 0 1 8000 1 5 0.0861026990534116 5 1000 13248 5
"616" "Y" 0.002 -0.7425 0.54625 0 1 8000 1 5 0.604678532572337 5 1000 12964 5
"617" "Y" 0.002 0 0.46375 0 1 8000 1 5 0.768409665060492 5 1000 12512 5
"618" "Y" 0.02 -0.28875 0.46375 0 1 8000 1 5 0.768409665060492 5 1000 13312 5
"619" "Y" 0.002 -0.7425 0.79375 0 1 8000 1 5 0.230986728775236 5 1000 12970 5
"620" "Y" 0.02 -0.5775 0.79375 0 1 8000 1 5 0.230986728775236 5 1000 13495 5
"621" "Y" 0.02 -0.86625 0.5875 0 1 8000 1 5 0.531879032963823 5 1000 13665 5
"622" "Y" 0.002 -0.4125 0.0925 0 1 8000 1 5 2.38054663446376 5 1000 12753 5
"623" "Y" 0.02 -0.28875 0.2575 0 1 8000 1 5 1.35673555887835 5 1000 13307 5
"624" "Y" 0.02 -0.66 0.29875 0 1 8000 1 5 1.20814817573642 5 1000 13533 5
"625" "Y" 0.002 -0.94875 0.71125 0 1 8000 1 5 0.340731293541596 5 1000 13093 5
"626" "Y" 0.002 -0.9075 0.34 0 1 8000 1 5 1.07880966137193 5 1000 13059 5
"627" "Y" 0.002 -0.12375 0.01 0 1 8000 1 5 4.60517018598809 5 1000 12576 5
"628" "Y" 0.02 -0.9075 0.01 0 1 8000 1 5 4.60517018598809 5 1000 13676 5
"629" "Y" 0.002 -0.37125 0.34 0 1 8000 1 5 1.07880966137193 5 1000 12734 5
"630" "Y" 0.002 -0.66 0.29875 0 1 8000 1 5 1.20814817573642 5 1000 12908 5
"631" "Y" 0.02 -0.37125 0.0925 0 1 8000 1 5 2.38054663446376 5 1000 13353 5
"632" "Y" 0.002 -0.12375 0.38125 0 1 8000 1 5 0.964299951060516 5 1000 12585 5
"633" "Y" 0.02 -0.2475 0.4225 0 1 8000 1 5 0.861565832184908 5 1000 13286 5
"634" "Y" 0.02 -0.165 0.13375 0 1 8000 1 5 2.01178289320602 5 1000 13229 5
"635" "Y" 0.02 -0.495 0.9175 0 1 8000 1 5 0.0861026990534116 5 1000 13448 5
"636" "Y" 0.002 -0.12375 0.34 0 1 8000 1 5 1.07880966137193 5 1000 12584 5
"637" "Y" 0.02 -0.61875 0.71125 0 1 8000 1 5 0.340731293541596 5 1000 13518 5
"638" "Y" 0.002 -0.04125 0.62875 0 1 8000 1 5 0.464021557568188 5 1000 12541 5
"639" "Y" 0.002 -0.825 0.835 0 1 8000 1 5 0.180323554131281 5 1000 13021 5
"640" "Y" 0.02 -0.9075 0.13375 0 1 8000 1 5 2.01178289320602 5 1000 13679 5
"641" "Y" 0.002 -0.28875 1 0 1 8000 1 5 0 5 1000 12700 5
"642" "Y" 0.02 -0.53625 0.0925 0 1 8000 1 5 2.38054663446376 5 1000 13453 5
"643" "Y" 0.002 -0.825 0.95875 0 1 8000 1 5 0.042124926300671 5 1000 13024 5
"644" "Y" 0.02 -0.53625 0.62875 0 1 8000 1 5 0.464021557568188 5 1000 13466 5
"645" "Y" 0.02 -0.20625 0.29875 0 1 8000 1 5 1.20814817573642 5 1000 13258 5
"646" "Y" 0.02 -0.7425 0.7525 0 1 8000 1 5 0.284354282359106 5 1000 13594 5
"647" "Y" 0.002 -0.9075 0.835 0 1 8000 1 5 0.180323554131281 5 1000 13071 5
"648" "Y" 0.002 -0.78375 0.95875 0 1 8000 1 5 0.042124926300671 5 1000 12999 5
"649" "Y" 0.02 -0.4125 0.05125 0 1 8000 1 5 2.97103966096362 5 1000 13377 5
"650" "Y" 0.02 -0.12375 0.5875 0 1 8000 1 5 0.531879032963823 5 1000 13215 5
"651" "Y" 0.002 -0.66 0.7525 0 1 8000 1 5 0.284354282359106 5 1000 12919 5
"652" "Y" 0.002 -0.7425 0.95875 0 1 8000 1 5 0.042124926300671 5 1000 12974 5
"653" "Y" 0.002 -0.9075 0.5875 0 1 8000 1 5 0.531879032963823 5 1000 13065 5
"654" "Y" 0.002 -0.5775 0.9175 0 1 8000 1 5 0.0861026990534116 5 1000 12873 5
"655" "Y" 0.002 -0.28875 0.2575 0 1 8000 1 5 1.35673555887835 5 1000 12682 5
"656" "Y" 0.002 -0.94875 0.2575 0 1 8000 1 5 1.35673555887835 5 1000 13082 5
"657" "Y" 0.02 -0.28875 1 0 1 8000 1 5 0 5 1000 13325 5
"658" "Y" 0.002 -0.94875 0.34 0 1 8000 1 5 1.07880966137193 5 1000 13084 5
"659" "Y" 0.002 -0.33 0.175 0 1 8000 1 5 1.74296930505862 5 1000 12705 5
"660" "Y" 0.002 -0.61875 0.54625 0 1 8000 1 5 0.604678532572337 5 1000 12889 5
"661" "Y" 0.002 -0.04125 0.2575 0 1 8000 1 5 1.35673555887835 5 1000 12532 5
"662" "Y" 0.002 -0.78375 0.175 0 1 8000 1 5 1.74296930505862 5 1000 12980 5
"663" "Y" 0.02 -0.165 0.67 0 1 8000 1 5 0.400477566597125 5 1000 13242 5
"664" "Y" 0.02 -0.45375 0.4225 0 1 8000 1 5 0.861565832184908 5 1000 13411 5
"665" "Y" 0.02 -0.495 0.87625 0 1 8000 1 5 0.132103840633337 5 1000 13447 5
"666" "Y" 0.002 -0.9075 0.505 0 1 8000 1 5 0.683196849706777 5 1000 13063 5
"667" "Y" 0.002 -0.86625 0.13375 0 1 8000 1 5 2.01178289320602 5 1000 13029 5
"668" "Y" 0.02 -0.33 0.95875 0 1 8000 1 5 0.042124926300671 5 1000 13349 5
"669" "Y" 0.002 -0.2475 0.175 0 1 8000 1 5 1.74296930505862 5 1000 12655 5
"670" "Y" 0.02 -0.37125 0.79375 0 1 8000 1 5 0.230986728775236 5 1000 13370 5
"671" "Y" 0.002 -0.04125 0.87625 0 1 8000 1 5 0.132103840633337 5 1000 12547 5
"672" "Y" 0.02 -0.86625 0.79375 0 1 8000 1 5 0.230986728775236 5 1000 13670 5
"673" "Y" 0.002 -0.04125 0.79375 0 1 8000 1 5 0.230986728775236 5 1000 12545 5
"674" "Y" 0.002 0 0.62875 0 1 8000 1 5 0.464021557568188 5 1000 12516 5
"675" "Y" 0.02 -0.2475 0.9175 0 1 8000 1 5 0.0861026990534116 5 1000 13298 5
"676" "Y" 0.02 -0.7425 0.67 0 1 8000 1 5 0.400477566597125 5 1000 13592 5
"677" "Y" 0.002 0 0.835 0 1 8000 1 5 0.180323554131281 5 1000 12521 5
"678" "Y" 0.02 -0.165 0.38125 0 1 8000 1 5 0.964299951060516 5 1000 13235 5
"679" "Y" 0.02 -0.495 0.62875 0 1 8000 1 5 0.464021557568188 5 1000 13441 5
"680" "Y" 0.002 -0.94875 0.505 0 1 8000 1 5 0.683196849706777 5 1000 13088 5
"681" "Y" 0.002 -0.2475 0.05125 0 1 8000 1 5 2.97103966096362 5 1000 12652 5
"682" "Y" 0.002 -0.53625 0.01 0 1 8000 1 5 4.60517018598809 5 1000 12826 5
"683" "Y" 0.002 -0.45375 0.46375 0 1 8000 1 5 0.768409665060492 5 1000 12787 5
"684" "Y" 0.02 -0.5775 0.29875 0 1 8000 1 5 1.20814817573642 5 1000 13483 5
"685" "Y" 0.002 -0.66 0.01 0 1 8000 1 5 4.60517018598809 5 1000 12901 5
"686" "Y" 0.002 -0.94875 0.67 0 1 8000 1 5 0.400477566597125 5 1000 13092 5
"687" "Y" 0.02 -0.70125 0.87625 0 1 8000 1 5 0.132103840633337 5 1000 13572 5
"688" "Y" 0.02 -0.28875 0.175 0 1 8000 1 5 1.74296930505862 5 1000 13305 5
"689" "Y" 0.02 -0.4125 0.87625 0 1 8000 1 5 0.132103840633337 5 1000 13397 5
"690" "Y" 0.02 -0.86625 0.7525 0 1 8000 1 5 0.284354282359106 5 1000 13669 5
"691" "Y" 0.02 -0.45375 0.79375 0 1 8000 1 5 0.230986728775236 5 1000 13420 5
"692" "Y" 0.002 -0.28875 0.5875 0 1 8000 1 5 0.531879032963823 5 1000 12690 5
"693" "Y" 0.002 -0.2475 1 0 1 8000 1 5 0 5 1000 12675 5
"694" "Y" 0.002 -0.165 0.835 0 1 8000 1 5 0.180323554131281 5 1000 12621 5
"695" "Y" 0.02 -0.2475 0.29875 0 1 8000 1 5 1.20814817573642 5 1000 13283 5
"696" "Y" 0.002 -0.53625 0.38125 0 1 8000 1 5 0.964299951060516 5 1000 12835 5
"697" "Y" 0.02 -0.04125 0.01 0 1 8000 1 5 4.60517018598809 5 1000 13151 5
"698" "Y" 0.02 -0.78375 0.67 0 1 8000 1 5 0.400477566597125 5 1000 13617 5
"699" "Y" 0.002 -0.86625 0.46375 0 1 8000 1 5 0.768409665060492 5 1000 13037 5
"700" "Y" 0.02 -0.28875 0.4225 0 1 8000 1 5 0.861565832184908 5 1000 13311 5
"701" "Y" 0.02 -0.28875 0.505 0 1 8000 1 5 0.683196849706777 5 1000 13313 5
"702" "Y" 0.002 -0.66 0.79375 0 1 8000 1 5 0.230986728775236 5 1000 12920 5
"703" "Y" 0.02 -0.0825 0.7525 0 1 8000 1 5 0.284354282359106 5 1000 13194 5
"704" "Y" 0.002 -0.20625 0.62875 0 1 8000 1 5 0.464021557568188 5 1000 12641 5
"705" "Y" 0.02 -0.70125 0.46375 0 1 8000 1 5 0.768409665060492 5 1000 13562 5
"706" "Y" 0.002 -0.165 0.2575 0 1 8000 1 5 1.35673555887835 5 1000 12607 5
"707" "Y" 0.02 -0.45375 0.62875 0 1 8000 1 5 0.464021557568188 5 1000 13416 5
"708" "Y" 0.02 -0.2475 0.71125 0 1 8000 1 5 0.340731293541596 5 1000 13293 5
"709" "Y" 0.02 -0.495 0.38125 0 1 8000 1 5 0.964299951060516 5 1000 13435 5
"710" "Y" 0.002 -0.825 0.175 0 1 8000 1 5 1.74296930505862 5 1000 13005 5
"711" "Y" 0.002 -0.53625 0.67 0 1 8000 1 5 0.400477566597125 5 1000 12842 5
"712" "Y" 0.002 -0.99 0.54625 0 1 8000 1 5 0.604678532572337 5 1000 13114 5
"713" "Y" 0.002 -0.825 0.46375 0 1 8000 1 5 0.768409665060492 5 1000 13012 5
"714" "Y" 0.02 -0.7425 0.38125 0 1 8000 1 5 0.964299951060516 5 1000 13585 5
"715" "Y" 0.02 -0.37125 0.4225 0 1 8000 1 5 0.861565832184908 5 1000 13361 5
"716" "Y" 0.02 -0.99 0.7525 0 1 8000 1 5 0.284354282359106 5 1000 13744 5
"717" "Y" 0.002 -0.45375 0.7525 0 1 8000 1 5 0.284354282359106 5 1000 12794 5
"718" "Y" 0.02 -0.0825 0.46375 0 1 8000 1 5 0.768409665060492 5 1000 13187 5
"719" "Y" 0.002 -0.99 0.79375 0 1 8000 1 5 0.230986728775236 5 1000 13120 5
"720" "Y" 0.02 -0.0825 0.05125 0 1 8000 1 5 2.97103966096362 5 1000 13177 5
"721" "Y" 0.02 -0.165 0.71125 0 1 8000 1 5 0.340731293541596 5 1000 13243 5
"722" "Y" 0.002 -0.86625 0.5875 0 1 8000 1 5 0.531879032963823 5 1000 13040 5
"723" "Y" 0.002 -0.165 0.62875 0 1 8000 1 5 0.464021557568188 5 1000 12616 5
"724" "Y" 0.002 -0.9075 0.13375 0 1 8000 1 5 2.01178289320602 5 1000 13054 5
"725" "Y" 0.002 -0.495 0.5875 0 1 8000 1 5 0.531879032963823 5 1000 12815 5
"726" "Y" 0.002 -0.0825 0.2575 0 1 8000 1 5 1.35673555887835 5 1000 12557 5
"727" "Y" 0.02 -0.495 0.05125 0 1 8000 1 5 2.97103966096362 5 1000 13427 5
"728" "Y" 0.02 -0.2475 0.0925 0 1 8000 1 5 2.38054663446376 5 1000 13278 5
"729" "Y" 0.02 -0.5775 0.34 0 1 8000 1 5 1.07880966137193 5 1000 13484 5
"730" "Y" 0.02 -0.53625 0.54625 0 1 8000 1 5 0.604678532572337 5 1000 13464 5
"731" "Y" 0.02 -0.86625 0.0925 0 1 8000 1 5 2.38054663446376 5 1000 13653 5
"732" "Y" 0.002 -0.825 0.5875 0 1 8000 1 5 0.531879032963823 5 1000 13015 5
"733" "Y" 0.02 -0.12375 0.38125 0 1 8000 1 5 0.964299951060516 5 1000 13210 5
"734" "Y" 0.02 -0.0825 0.21625 0 1 8000 1 5 1.53132013317015 5 1000 13181 5
"735" "Y" 0.02 -0.37125 0.21625 0 1 8000 1 5 1.53132013317015 5 1000 13356 5
"736" "Y" 0.002 -0.165 0.21625 0 1 8000 1 5 1.53132013317015 5 1000 12606 5
"737" "Y" 0.002 -0.33 0.13375 0 1 8000 1 5 2.01178289320602 5 1000 12704 5
"738" "Y" 0.02 -0.5775 0.95875 0 1 8000 1 5 0.042124926300671 5 1000 13499 5
"739" "Y" 0.02 -0.28875 0.835 0 1 8000 1 5 0.180323554131281 5 1000 13321 5
"740" "Y" 0.002 -0.12375 0.29875 0 1 8000 1 5 1.20814817573642 5 1000 12583 5
"741" "Y" 0.02 -0.825 0.62875 0 1 8000 1 5 0.464021557568188 5 1000 13641 5
"742" "Y" 0.02 -0.04125 0.835 0 1 8000 1 5 0.180323554131281 5 1000 13171 5
"743" "Y" 0.02 -0.99 0.505 0 1 8000 1 5 0.683196849706777 5 1000 13738 5
"744" "Y" 0.002 -0.9075 0.2575 0 1 8000 1 5 1.35673555887835 5 1000 13057 5
"745" "Y" 0.002 -0.2475 0.62875 0 1 8000 1 5 0.464021557568188 5 1000 12666 5
"746" "Y" 0.002 -0.2475 0.4225 0 1 8000 1 5 0.861565832184908 5 1000 12661 5
"747" "Y" 0.002 -0.12375 0.62875 0 1 8000 1 5 0.464021557568188 5 1000 12591 5
"748" "Y" 0.002 -0.99 0.87625 0 1 8000 1 5 0.132103840633337 5 1000 13122 5
"749" "Y" 0.002 -0.28875 0.175 0 1 8000 1 5 1.74296930505862 5 1000 12680 5
"750" "Y" 0.002 -0.70125 0.21625 0 1 8000 1 5 1.53132013317015 5 1000 12931 5
"751" "Y" 0.02 -0.66 0.87625 0 1 8000 1 5 0.132103840633337 5 1000 13547 5
"752" "Y" 0.02 -0.12375 0.4225 0 1 8000 1 5 0.861565832184908 5 1000 13211 5
"753" "Y" 0.02 -0.9075 0.34 0 1 8000 1 5 1.07880966137193 5 1000 13684 5
"754" "Y" 0.002 -0.495 0.0925 0 1 8000 1 5 2.38054663446376 5 1000 12803 5
"755" "Y" 0.002 -0.0825 0.13375 0 1 8000 1 5 2.01178289320602 5 1000 12554 5
"756" "Y" 0.002 -0.20625 0.5875 0 1 8000 1 5 0.531879032963823 5 1000 12640 5
"757" "Y" 0.02 -0.7425 0.95875 0 1 8000 1 5 0.042124926300671 5 1000 13599 5
"758" "Y" 0.002 -0.45375 0.175 0 1 8000 1 5 1.74296930505862 5 1000 12780 5
"759" "Y" 0.002 -0.04125 0.0925 0 1 8000 1 5 2.38054663446376 5 1000 12528 5
"760" "Y" 0.002 -0.53625 0.9175 0 1 8000 1 5 0.0861026990534116 5 1000 12848 5
"761" "Y" 0.002 -0.04125 0.71125 0 1 8000 1 5 0.340731293541596 5 1000 12543 5
"762" "Y" 0.02 -0.4125 0.01 0 1 8000 1 5 4.60517018598809 5 1000 13376 5
"763" "Y" 0.02 -0.70125 0.29875 0 1 8000 1 5 1.20814817573642 5 1000 13558 5
"764" "Y" 0.02 -0.66 0.79375 0 1 8000 1 5 0.230986728775236 5 1000 13545 5
"765" "Y" 0.002 -0.66 0.05125 0 1 8000 1 5 2.97103966096362 5 1000 12902 5
"766" "Y" 0.002 -0.86625 0.34 0 1 8000 1 5 1.07880966137193 5 1000 13034 5
"767" "Y" 0.002 -0.45375 0.87625 0 1 8000 1 5 0.132103840633337 5 1000 12797 5
"768" "Y" 0.02 -0.61875 0.38125 0 1 8000 1 5 0.964299951060516 5 1000 13510 5
"769" "Y" 0.002 -0.28875 0.7525 0 1 8000 1 5 0.284354282359106 5 1000 12694 5
"770" "Y" 0.02 -0.61875 0.29875 0 1 8000 1 5 1.20814817573642 5 1000 13508 5
"771" "Y" 0.002 -0.5775 0.62875 0 1 8000 1 5 0.464021557568188 5 1000 12866 5
"772" "Y" 0.002 -0.94875 0.87625 0 1 8000 1 5 0.132103840633337 5 1000 13097 5
"773" "Y" 0.02 -0.86625 1 0 1 8000 1 5 0 5 1000 13675 5
"774" "Y" 0.02 -0.37125 0.62875 0 1 8000 1 5 0.464021557568188 5 1000 13366 5
"775" "Y" 0.002 -0.86625 0.29875 0 1 8000 1 5 1.20814817573642 5 1000 13033 5
"776" "Y" 0.02 -0.37125 0.46375 0 1 8000 1 5 0.768409665060492 5 1000 13362 5
"777" "Y" 0.02 -0.5775 0.01 0 1 8000 1 5 4.60517018598809 5 1000 13476 5
"778" "Y" 0.002 -0.61875 0.67 0 1 8000 1 5 0.400477566597125 5 1000 12892 5
"779" "Y" 0.02 -0.33 0.79375 0 1 8000 1 5 0.230986728775236 5 1000 13345 5
"780" "Y" 0.002 -0.33 0.54625 0 1 8000 1 5 0.604678532572337 5 1000 12714 5
"781" "Y" 0.02 -0.12375 0.46375 0 1 8000 1 5 0.768409665060492 5 1000 13212 5
"782" "Y" 0.02 -0.12375 0.62875 0 1 8000 1 5 0.464021557568188 5 1000 13216 5
"783" "Y" 0.002 -0.28875 0.71125 0 1 8000 1 5 0.340731293541596 5 1000 12693 5
"784" "Y" 0.002 -0.66 0.38125 0 1 8000 1 5 0.964299951060516 5 1000 12910 5
"785" "Y" 0.02 -0.33 0.38125 0 1 8000 1 5 0.964299951060516 5 1000 13335 5
"786" "Y" 0.02 -0.2475 0.38125 0 1 8000 1 5 0.964299951060516 5 1000 13285 5
"787" "Y" 0.002 -0.33 0.7525 0 1 8000 1 5 0.284354282359106 5 1000 12719 5
"788" "Y" 0.002 -0.20625 0.175 0 1 8000 1 5 1.74296930505862 5 1000 12630 5
"789" "Y" 0.02 -0.4125 0.835 0 1 8000 1 5 0.180323554131281 5 1000 13396 5
"790" "Y" 0.02 -0.99 0.71125 0 1 8000 1 5 0.340731293541596 5 1000 13743 5
"791" "Y" 0.002 -0.28875 0.21625 0 1 8000 1 5 1.53132013317015 5 1000 12681 5
"792" "Y" 0.02 -0.99 0.46375 0 1 8000 1 5 0.768409665060492 5 1000 13737 5
"793" "Y" 0.02 -0.0825 0.79375 0 1 8000 1 5 0.230986728775236 5 1000 13195 5
"794" "Y" 0.02 -0.9075 0.2575 0 1 8000 1 5 1.35673555887835 5 1000 13682 5
"795" "Y" 0.02 -0.86625 0.01 0 1 8000 1 5 4.60517018598809 5 1000 13651 5
"796" "Y" 0.02 -0.45375 0.46375 0 1 8000 1 5 0.768409665060492 5 1000 13412 5
"797" "Y" 0.02 -0.33 0.2575 0 1 8000 1 5 1.35673555887835 5 1000 13332 5
"798" "Y" 0.002 -0.7425 0.87625 0 1 8000 1 5 0.132103840633337 5 1000 12972 5
"799" "Y" 0.02 -0.04125 0.29875 0 1 8000 1 5 1.20814817573642 5 1000 13158 5
"800" "Y" 0.002 0 0.9175 0 1 8000 1 5 0.0861026990534116 5 1000 12523 5
"801" "Y" 0.02 -0.33 0.7525 0 1 8000 1 5 0.284354282359106 5 1000 13344 5
"802" "Y" 0.02 -0.4125 0.7525 0 1 8000 1 5 0.284354282359106 5 1000 13394 5
"803" "Y" 0.002 -0.20625 0.87625 0 1 8000 1 5 0.132103840633337 5 1000 12647 5
"804" "Y" 0.02 -0.9075 0.21625 0 1 8000 1 5 1.53132013317015 5 1000 13681 5
"805" "Y" 0.02 -0.2475 0.54625 0 1 8000 1 5 0.604678532572337 5 1000 13289 5
"806" "Y" 0.02 -0.37125 0.95875 0 1 8000 1 5 0.042124926300671 5 1000 13374 5
"807" "Y" 0.002 -0.165 0.46375 0 1 8000 1 5 0.768409665060492 5 1000 12612 5
"808" "Y" 0.02 0 0.87625 0 1 8000 1 5 0.132103840633337 5 1000 13147 5
"809" "Y" 0.002 -0.495 0.34 0 1 8000 1 5 1.07880966137193 5 1000 12809 5
"810" "Y" 0.002 -0.37125 0.175 0 1 8000 1 5 1.74296930505862 5 1000 12730 5
"811" "Y" 0.02 -0.9075 0.54625 0 1 8000 1 5 0.604678532572337 5 1000 13689 5
"812" "Y" 0.02 -0.99 0.38125 0 1 8000 1 5 0.964299951060516 5 1000 13735 5
"813" "Y" 0.02 -0.70125 0.0925 0 1 8000 1 5 2.38054663446376 5 1000 13553 5
"814" "Y" 0.002 -0.2475 0.5875 0 1 8000 1 5 0.531879032963823 5 1000 12665 5
"815" "Y" 0.02 -0.04125 0.0925 0 1 8000 1 5 2.38054663446376 5 1000 13153 5
"816" "Y" 0.02 -0.04125 1 0 1 8000 1 5 0 5 1000 13175 5
"817" "Y" 0.02 0 0.29875 0 1 8000 1 5 1.20814817573642 5 1000 13133 5
"818" "Y" 0.02 0 0.62875 0 1 8000 1 5 0.464021557568188 5 1000 13141 5
"819" "Y" 0.002 -0.9075 0.87625 0 1 8000 1 5 0.132103840633337 5 1000 13072 5
"820" "Y" 0.02 -0.33 0.21625 0 1 8000 1 5 1.53132013317015 5 1000 13331 5
"821" "Y" 0.02 -0.99 0.175 0 1 8000 1 5 1.74296930505862 5 1000 13730 5
"822" "Y" 0.002 -0.20625 0.9175 0 1 8000 1 5 0.0861026990534116 5 1000 12648 5
"823" "Y" 0.02 -0.5775 0.175 0 1 8000 1 5 1.74296930505862 5 1000 13480 5
"824" "Y" 0.02 -0.2475 0.2575 0 1 8000 1 5 1.35673555887835 5 1000 13282 5
"825" "Y" 0.002 -0.9075 0.9175 0 1 8000 1 5 0.0861026990534116 5 1000 13073 5
"826" "Y" 0.002 -0.825 0.0925 0 1 8000 1 5 2.38054663446376 5 1000 13003 5
"827" "Y" 0.002 -0.86625 0.01 0 1 8000 1 5 4.60517018598809 5 1000 13026 5
"828" "Y" 0.02 -0.37125 0.7525 0 1 8000 1 5 0.284354282359106 5 1000 13369 5
"829" "Y" 0.02 0 0.175 0 1 8000 1 5 1.74296930505862 5 1000 13130 5
"830" "Y" 0.002 -0.61875 0.38125 0 1 8000 1 5 0.964299951060516 5 1000 12885 5
"831" "Y" 0.02 -0.165 0.835 0 1 8000 1 5 0.180323554131281 5 1000 13246 5
"832" "Y" 0.002 -0.4125 0.9175 0 1 8000 1 5 0.0861026990534116 5 1000 12773 5
"833" "Y" 0.02 -0.61875 0.21625 0 1 8000 1 5 1.53132013317015 5 1000 13506 5
"834" "Y" 0.02 -0.99 0.4225 0 1 8000 1 5 0.861565832184908 5 1000 13736 5
"835" "Y" 0.002 -0.9075 0.95875 0 1 8000 1 5 0.042124926300671 5 1000 13074 5
"836" "Y" 0.002 -0.0825 0.46375 0 1 8000 1 5 0.768409665060492 5 1000 12562 5
"837" "Y" 0.002 -0.45375 0.2575 0 1 8000 1 5 1.35673555887835 5 1000 12782 5
"838" "Y" 0.02 -0.4125 0.95875 0 1 8000 1 5 0.042124926300671 5 1000 13399 5
"839" "Y" 0.02 -0.70125 0.175 0 1 8000 1 5 1.74296930505862 5 1000 13555 5
"840" "Y" 0.02 -0.86625 0.05125 0 1 8000 1 5 2.97103966096362 5 1000 13652 5
"841" "Y" 0.02 -0.94875 0.79375 0 1 8000 1 5 0.230986728775236 5 1000 13720 5
"842" "Y" 0.002 -0.94875 0.79375 0 1 8000 1 5 0.230986728775236 5 1000 13095 5
"843" "Y" 0.002 -0.53625 0.79375 0 1 8000 1 5 0.230986728775236 5 1000 12845 5
"844" "Y" 0.002 -0.86625 0.2575 0 1 8000 1 5 1.35673555887835 5 1000 13032 5
"845" "Y" 0.002 -0.86625 0.9175 0 1 8000 1 5 0.0861026990534116 5 1000 13048 5
"846" "Y" 0.02 -0.33 0.67 0 1 8000 1 5 0.400477566597125 5 1000 13342 5
"847" "Y" 0.002 -0.70125 0.62875 0 1 8000 1 5 0.464021557568188 5 1000 12941 5
"848" "Y" 0.002 -0.9075 0.21625 0 1 8000 1 5 1.53132013317015 5 1000 13056 5
"849" "Y" 0.02 -0.165 0.95875 0 1 8000 1 5 0.042124926300671 5 1000 13249 5
"850" "Y" 0.02 -0.61875 0.7525 0 1 8000 1 5 0.284354282359106 5 1000 13519 5
"851" "Y" 0.002 -0.70125 0.0925 0 1 8000 1 5 2.38054663446376 5 1000 12928 5
"852" "Y" 0.002 -0.78375 0.13375 0 1 8000 1 5 2.01178289320602 5 1000 12979 5
"853" "Y" 0.002 -0.37125 0.13375 0 1 8000 1 5 2.01178289320602 5 1000 12729 5
"854" "Y" 0.002 -0.86625 0.505 0 1 8000 1 5 0.683196849706777 5 1000 13038 5
"855" "Y" 0.02 -0.825 0.01 0 1 8000 1 5 4.60517018598809 5 1000 13626 5
"856" "Y" 0.002 -0.66 0.54625 0 1 8000 1 5 0.604678532572337 5 1000 12914 5
"857" "Y" 0.02 0 0.5875 0 1 8000 1 5 0.531879032963823 5 1000 13140 5
"858" "Y" 0.02 -0.5775 0.71125 0 1 8000 1 5 0.340731293541596 5 1000 13493 5
"859" "Y" 0.002 -0.61875 0.34 0 1 8000 1 5 1.07880966137193 5 1000 12884 5
"860" "Y" 0.02 -0.86625 0.95875 0 1 8000 1 5 0.042124926300671 5 1000 13674 5
"861" "Y" 0.02 -0.66 0.7525 0 1 8000 1 5 0.284354282359106 5 1000 13544 5
"862" "Y" 0.002 -0.0825 0.5875 0 1 8000 1 5 0.531879032963823 5 1000 12565 5
"863" "Y" 0.02 -0.37125 0.5875 0 1 8000 1 5 0.531879032963823 5 1000 13365 5
"864" "Y" 0.002 -0.61875 1 0 1 8000 1 5 0 5 1000 12900 5
"865" "Y" 0.002 -0.5775 0.835 0 1 8000 1 5 0.180323554131281 5 1000 12871 5
"866" "Y" 0.02 -0.66 0.67 0 1 8000 1 5 0.400477566597125 5 1000 13542 5
"867" "Y" 0.002 -0.33 0.05125 0 1 8000 1 5 2.97103966096362 5 1000 12702 5
"868" "Y" 0.002 -0.28875 0.9175 0 1 8000 1 5 0.0861026990534116 5 1000 12698 5
"869" "Y" 0.002 -0.94875 0.05125 0 1 8000 1 5 2.97103966096362 5 1000 13077 5
"870" "Y" 0.002 -0.4125 0.21625 0 1 8000 1 5 1.53132013317015 5 1000 12756 5
"871" "Y" 0.02 -0.9075 0.4225 0 1 8000 1 5 0.861565832184908 5 1000 13686 5
"872" "Y" 0.002 -0.94875 0.54625 0 1 8000 1 5 0.604678532572337 5 1000 13089 5
"873" "Y" 0.002 -0.94875 0.38125 0 1 8000 1 5 0.964299951060516 5 1000 13085 5
"874" "Y" 0.02 -0.7425 0.4225 0 1 8000 1 5 0.861565832184908 5 1000 13586 5
"875" "Y" 0.02 -0.53625 0.67 0 1 8000 1 5 0.400477566597125 5 1000 13467 5
"876" "Y" 0.002 0 0.175 0 1 8000 1 5 1.74296930505862 5 1000 12505 5
"877" "Y" 0.02 -0.66 0.95875 0 1 8000 1 5 0.042124926300671 5 1000 13549 5
"878" "Y" 0.02 -0.20625 0.4225 0 1 8000 1 5 0.861565832184908 5 1000 13261 5
"879" "Y" 0.002 -0.28875 0.46375 0 1 8000 1 5 0.768409665060492 5 1000 12687 5
"880" "Y" 0.02 -0.61875 1 0 1 8000 1 5 0 5 1000 13525 5
"881" "Y" 0.02 -0.825 0.54625 0 1 8000 1 5 0.604678532572337 5 1000 13639 5
"882" "Y" 0.02 -0.66 0.71125 0 1 8000 1 5 0.340731293541596 5 1000 13543 5
"883" "Y" 0.002 -0.495 0.67 0 1 8000 1 5 0.400477566597125 5 1000 12817 5
"884" "Y" 0.002 -0.0825 0.87625 0 1 8000 1 5 0.132103840633337 5 1000 12572 5
"885" "Y" 0.02 -0.99 0.0925 0 1 8000 1 5 2.38054663446376 5 1000 13728 5
"886" "Y" 0.002 -0.28875 0.835 0 1 8000 1 5 0.180323554131281 5 1000 12696 5
"887" "Y" 0.002 -0.0825 0.21625 0 1 8000 1 5 1.53132013317015 5 1000 12556 5
"888" "Y" 0.02 -0.53625 0.9175 0 1 8000 1 5 0.0861026990534116 5 1000 13473 5
"889" "Y" 0.02 -0.04125 0.46375 0 1 8000 1 5 0.768409665060492 5 1000 13162 5
"890" "Y" 0.02 -0.94875 0.4225 0 1 8000 1 5 0.861565832184908 5 1000 13711 5
"891" "Y" 0.002 -0.5775 0.79375 0 1 8000 1 5 0.230986728775236 5 1000 12870 5
"892" "Y" 0.02 -0.5775 0.5875 0 1 8000 1 5 0.531879032963823 5 1000 13490 5
"893" "Y" 0.02 -0.12375 0.29875 0 1 8000 1 5 1.20814817573642 5 1000 13208 5
"894" "Y" 0.002 -0.53625 0.29875 0 1 8000 1 5 1.20814817573642 5 1000 12833 5
"895" "Y" 0.02 -0.70125 1 0 1 8000 1 5 0 5 1000 13575 5
"896" "Y" 0.02 -0.78375 0.175 0 1 8000 1 5 1.74296930505862 5 1000 13605 5
"897" "Y" 0.02 -0.495 1 0 1 8000 1 5 0 5 1000 13450 5
"898" "Y" 0.002 -0.2475 0.71125 0 1 8000 1 5 0.340731293541596 5 1000 12668 5
"899" "Y" 0.02 -0.04125 0.4225 0 1 8000 1 5 0.861565832184908 5 1000 13161 5
"900" "Y" 0.02 -0.20625 0.835 0 1 8000 1 5 0.180323554131281 5 1000 13271 5
"901" "Y" 0.02 -0.825 0.95875 0 1 8000 1 5 0.042124926300671 5 1000 13649 5
"902" "Y" 0.002 -0.04125 0.54625 0 1 8000 1 5 0.604678532572337 5 1000 12539 5
"903" "Y" 0.002 -0.495 0.87625 0 1 8000 1 5 0.132103840633337 5 1000 12822 5
"904" "Y" 0.02 -0.33 0.5875 0 1 8000 1 5 0.531879032963823 5 1000 13340 5
"905" "Y" 0.02 -0.78375 0.835 0 1 8000 1 5 0.180323554131281 5 1000 13621 5
"906" "Y" 0.02 -0.165 0.2575 0 1 8000 1 5 1.35673555887835 5 1000 13232 5
"907" "Y" 0.002 -0.825 0.2575 0 1 8000 1 5 1.35673555887835 5 1000 13007 5
"908" "Y" 0.002 -0.61875 0.0925 0 1 8000 1 5 2.38054663446376 5 1000 12878 5
"909" "Y" 0.002 -0.86625 0.95875 0 1 8000 1 5 0.042124926300671 5 1000 13049 5
"910" "Y" 0.002 -0.61875 0.9175 0 1 8000 1 5 0.0861026990534116 5 1000 12898 5
"911" "Y" 0.02 -0.99 0.21625 0 1 8000 1 5 1.53132013317015 5 1000 13731 5
"912" "Y" 0.002 -0.33 0.4225 0 1 8000 1 5 0.861565832184908 5 1000 12711 5
"913" "Y" 0.002 -0.12375 0.13375 0 1 8000 1 5 2.01178289320602 5 1000 12579 5
"914" "Y" 0.002 -0.37125 0.87625 0 1 8000 1 5 0.132103840633337 5 1000 12747 5
"915" "Y" 0.002 -0.2475 0.38125 0 1 8000 1 5 0.964299951060516 5 1000 12660 5
"916" "Y" 0.002 -0.33 0.01 0 1 8000 1 5 4.60517018598809 5 1000 12701 5
"917" "Y" 0.002 -0.9075 0.71125 0 1 8000 1 5 0.340731293541596 5 1000 13068 5
"918" "Y" 0.002 -0.0825 0.4225 0 1 8000 1 5 0.861565832184908 5 1000 12561 5
"919" "Y" 0.002 -0.94875 0.62875 0 1 8000 1 5 0.464021557568188 5 1000 13091 5
"920" "Y" 0.002 -0.4125 0.13375 0 1 8000 1 5 2.01178289320602 5 1000 12754 5
"921" "Y" 0.002 -0.825 0.21625 0 1 8000 1 5 1.53132013317015 5 1000 13006 5
"922" "Y" 0.002 -0.28875 0.87625 0 1 8000 1 5 0.132103840633337 5 1000 12697 5
"923" "Y" 0.02 -0.78375 0.34 0 1 8000 1 5 1.07880966137193 5 1000 13609 5
"924" "Y" 0.02 -0.45375 1 0 1 8000 1 5 0 5 1000 13425 5
"925" "Y" 0.02 -0.20625 0.54625 0 1 8000 1 5 0.604678532572337 5 1000 13264 5
"926" "Y" 0.02 -0.37125 0.54625 0 1 8000 1 5 0.604678532572337 5 1000 13364 5
"927" "Y" 0.002 -0.53625 0.835 0 1 8000 1 5 0.180323554131281 5 1000 12846 5
"928" "Y" 0.02 -0.33 0.62875 0 1 8000 1 5 0.464021557568188 5 1000 13341 5
"929" "Y" 0.02 -0.20625 0.95875 0 1 8000 1 5 0.042124926300671 5 1000 13274 5
"930" "Y" 0.02 -0.5775 0.835 0 1 8000 1 5 0.180323554131281 5 1000 13496 5
"931" "Y" 0.002 -0.7425 0.9175 0 1 8000 1 5 0.0861026990534116 5 1000 12973 5
"932" "Y" 0.002 -0.53625 0.87625 0 1 8000 1 5 0.132103840633337 5 1000 12847 5
"933" "Y" 0.002 -0.5775 0.29875 0 1 8000 1 5 1.20814817573642 5 1000 12858 5
"934" "Y" 0.002 -0.37125 0.79375 0 1 8000 1 5 0.230986728775236 5 1000 12745 5
"935" "Y" 0.02 -0.2475 0.95875 0 1 8000 1 5 0.042124926300671 5 1000 13299 5
"936" "Y" 0.02 -0.78375 0.4225 0 1 8000 1 5 0.861565832184908 5 1000 13611 5
"937" "Y" 0.02 -0.0825 0.34 0 1 8000 1 5 1.07880966137193 5 1000 13184 5
"938" "Y" 0.02 -0.28875 0.0925 0 1 8000 1 5 2.38054663446376 5 1000 13303 5
"939" "Y" 0.02 -0.78375 0.95875 0 1 8000 1 5 0.042124926300671 5 1000 13624 5
"940" "Y" 0.002 -0.33 0.5875 0 1 8000 1 5 0.531879032963823 5 1000 12715 5
"941" "Y" 0.02 -0.61875 0.62875 0 1 8000 1 5 0.464021557568188 5 1000 13516 5
"942" "Y" 0.02 -0.5775 0.0925 0 1 8000 1 5 2.38054663446376 5 1000 13478 5
"943" "Y" 0.02 -0.53625 0.71125 0 1 8000 1 5 0.340731293541596 5 1000 13468 5
"944" "Y" 0.002 -0.94875 0.0925 0 1 8000 1 5 2.38054663446376 5 1000 13078 5
"945" "Y" 0.02 -0.165 0.34 0 1 8000 1 5 1.07880966137193 5 1000 13234 5
"946" "Y" 0.002 -0.61875 0.79375 0 1 8000 1 5 0.230986728775236 5 1000 12895 5
"947" "Y" 0.02 -0.12375 0.79375 0 1 8000 1 5 0.230986728775236 5 1000 13220 5
"948" "Y" 0.02 -0.165 0.175 0 1 8000 1 5 1.74296930505862 5 1000 13230 5
"949" "Y" 0.02 -0.5775 0.87625 0 1 8000 1 5 0.132103840633337 5 1000 13497 5
"950" "Y" 0.02 -0.4125 0.0925 0 1 8000 1 5 2.38054663446376 5 1000 13378 5
"951" "Y" 0.02 -0.20625 0.34 0 1 8000 1 5 1.07880966137193 5 1000 13259 5
"952" "Y" 0.002 -0.99 0.46375 0 1 8000 1 5 0.768409665060492 5 1000 13112 5
"953" "Y" 0.002 -0.0825 0.835 0 1 8000 1 5 0.180323554131281 5 1000 12571 5
"954" "Y" 0.02 -0.495 0.175 0 1 8000 1 5 1.74296930505862 5 1000 13430 5
"955" "Y" 0.02 -0.5775 0.46375 0 1 8000 1 5 0.768409665060492 5 1000 13487 5
"956" "Y" 0.02 -0.33 0.05125 0 1 8000 1 5 2.97103966096362 5 1000 13327 5
"957" "Y" 0.002 -0.70125 0.2575 0 1 8000 1 5 1.35673555887835 5 1000 12932 5
"958" "Y" 0.002 -0.825 0.05125 0 1 8000 1 5 2.97103966096362 5 1000 13002 5
"959" "Y" 0.02 0 0.67 0 1 8000 1 5 0.400477566597125 5 1000 13142 5
"960" "Y" 0.02 -0.99 0.62875 0 1 8000 1 5 0.464021557568188 5 1000 13741 5
"961" "Y" 0.02 -0.9075 0.87625 0 1 8000 1 5 0.132103840633337 5 1000 13697 5
"962" "Y" 0.002 -0.99 0.835 0 1 8000 1 5 0.180323554131281 5 1000 13121 5
"963" "Y" 0.02 -0.99 0.87625 0 1 8000 1 5 0.132103840633337 5 1000 13747 5
"964" "Y" 0.002 -0.0825 0.79375 0 1 8000 1 5 0.230986728775236 5 1000 12570 5
"965" "Y" 0.02 -0.825 0.34 0 1 8000 1 5 1.07880966137193 5 1000 13634 5
"966" "Y" 0.02 -0.45375 0.95875 0 1 8000 1 5 0.042124926300671 5 1000 13424 5
"967" "Y" 0.02 -0.94875 0.67 0 1 8000 1 5 0.400477566597125 5 1000 13717 5
"968" "Y" 0.02 -0.45375 0.175 0 1 8000 1 5 1.74296930505862 5 1000 13405 5
"969" "Y" 0.002 0 0.29875 0 1 8000 1 5 1.20814817573642 5 1000 12508 5
"970" "Y" 0.02 -0.4125 0.62875 0 1 8000 1 5 0.464021557568188 5 1000 13391 5
"971" "Y" 0.002 -0.5775 0.21625 0 1 8000 1 5 1.53132013317015 5 1000 12856 5
"972" "Y" 0.02 -0.2475 0.79375 0 1 8000 1 5 0.230986728775236 5 1000 13295 5
"973" "Y" 0.002 -0.33 0.62875 0 1 8000 1 5 0.464021557568188 5 1000 12716 5
"974" "Y" 0.002 -0.61875 0.13375 0 1 8000 1 5 2.01178289320602 5 1000 12879 5
"975" "Y" 0.02 -0.70125 0.9175 0 1 8000 1 5 0.0861026990534116 5 1000 13573 5
"976" "Y" 0.002 -0.165 0.5875 0 1 8000 1 5 0.531879032963823 5 1000 12615 5
"977" "Y" 0.02 -0.12375 0.835 0 1 8000 1 5 0.180323554131281 5 1000 13221 5
"978" "Y" 0.002 -0.37125 0.46375 0 1 8000 1 5 0.768409665060492 5 1000 12737 5
"979" "Y" 0.02 -0.66 0.54625 0 1 8000 1 5 0.604678532572337 5 1000 13539 5
"980" "Y" 0.02 -0.99 0.54625 0 1 8000 1 5 0.604678532572337 5 1000 13739 5
"981" "Y" 0.02 -0.99 0.95875 0 1 8000 1 5 0.042124926300671 5 1000 13749 5
"982" "Y" 0.02 -0.28875 0.13375 0 1 8000 1 5 2.01178289320602 5 1000 13304 5
"983" "Y" 0.002 -0.37125 0.9175 0 1 8000 1 5 0.0861026990534116 5 1000 12748 5
"984" "Y" 0.002 -0.94875 0.7525 0 1 8000 1 5 0.284354282359106 5 1000 13094 5
"985" "Y" 0.002 -0.9075 0.54625 0 1 8000 1 5 0.604678532572337 5 1000 13064 5
"986" "Y" 0.002 -0.4125 0.505 0 1 8000 1 5 0.683196849706777 5 1000 12763 5
"987" "Y" 0.02 -0.9075 0.29875 0 1 8000 1 5 1.20814817573642 5 1000 13683 5
"988" "Y" 0.02 -0.86625 0.21625 0 1 8000 1 5 1.53132013317015 5 1000 13656 5
"989" "Y" 0.02 -0.7425 0.01 0 1 8000 1 5 4.60517018598809 5 1000 13576 5
"990" "Y" 0.002 -0.28875 0.01 0 1 8000 1 5 4.60517018598809 5 1000 12676 5
"991" "Y" 0.02 -0.4125 0.4225 0 1 8000 1 5 0.861565832184908 5 1000 13386 5
"992" "Y" 0.02 -0.165 0.79375 0 1 8000 1 5 0.230986728775236 5 1000 13245 5
"993" "Y" 0.002 -0.4125 0.54625 0 1 8000 1 5 0.604678532572337 5 1000 12764 5
"994" "Y" 0.02 -0.9075 1 0 1 8000 1 5 0 5 1000 13700 5
"995" "Y" 0.002 -0.66 0.4225 0 1 8000 1 5 0.861565832184908 5 1000 12911 5
"996" "Y" 0.02 -0.495 0.13375 0 1 8000 1 5 2.01178289320602 5 1000 13429 5
"997" "Y" 0.02 -0.04125 0.13375 0 1 8000 1 5 2.01178289320602 5 1000 13154 5
"998" "Y" 0.002 -0.37125 0.505 0 1 8000 1 5 0.683196849706777 5 1000 12738 5
"999" "Y" 0.02 -0.37125 0.38125 0 1 8000 1 5 0.964299951060516 5 1000 13360 5
"1000" "Y" 0.02 -0.94875 0.0925 0 1 8000 1 5 2.38054663446376 5 1000 13703 5
"1001" "Y" 0.002 -0.70125 0.46375 0 1 8000 1 5 0.768409665060492 5 1000 12937 5
"1002" "Y" 0.002 -0.70125 0.87625 0 1 8000 1 5 0.132103840633337 5 1000 12947 5
"1003" "Y" 0.02 -0.20625 0.01 0 1 8000 1 5 4.60517018598809 5 1000 13251 5
"1004" "Y" 0.002 -0.9075 0.01 0 1 8000 1 5 4.60517018598809 5 1000 13051 5
"1005" "Y" 0.002 -0.61875 0.05125 0 1 8000 1 5 2.97103966096362 5 1000 12877 5
"1006" "Y" 0.02 -0.825 0.7525 0 1 8000 1 5 0.284354282359106 5 1000 13644 5
"1007" "Y" 0.02 -0.5775 0.21625 0 1 8000 1 5 1.53132013317015 5 1000 13481 5
"1008" "Y" 0.002 -0.5775 0.46375 0 1 8000 1 5 0.768409665060492 5 1000 12862 5
"1009" "Y" 0.02 -0.28875 0.71125 0 1 8000 1 5 0.340731293541596 5 1000 13318 5
"1010" "Y" 0.02 -0.2475 0.67 0 1 8000 1 5 0.400477566597125 5 1000 13292 5
"1011" "Y" 0.02 -0.9075 0.175 0 1 8000 1 5 1.74296930505862 5 1000 13680 5
"1012" "Y" 0.02 -0.28875 0.7525 0 1 8000 1 5 0.284354282359106 5 1000 13319 5
"1013" "Y" 0.02 -0.94875 0.505 0 1 8000 1 5 0.683196849706777 5 1000 13713 5
"1014" "Y" 0.002 -0.94875 0.21625 0 1 8000 1 5 1.53132013317015 5 1000 13081 5
"1015" "Y" 0.02 -0.28875 0.29875 0 1 8000 1 5 1.20814817573642 5 1000 13308 5
"1016" "Y" 0.02 -0.20625 0.0925 0 1 8000 1 5 2.38054663446376 5 1000 13253 5
"1017" "Y" 0.02 -0.94875 0.05125 0 1 8000 1 5 2.97103966096362 5 1000 13702 5
"1018" "Y" 0.002 -0.70125 0.7525 0 1 8000 1 5 0.284354282359106 5 1000 12944 5
"1019" "Y" 0.02 -0.0825 0.95875 0 1 8000 1 5 0.042124926300671 5 1000 13199 5
"1020" "Y" 0.02 -0.825 0.175 0 1 8000 1 5 1.74296930505862 5 1000 13630 5
"1021" "Y" 0.002 -0.33 0.9175 0 1 8000 1 5 0.0861026990534116 5 1000 12723 5
"1022" "Y" 0.02 -0.86625 0.62875 0 1 8000 1 5 0.464021557568188 5 1000 13666 5
"1023" "Y" 0.002 -0.78375 0.0925 0 1 8000 1 5 2.38054663446376 5 1000 12978 5
"1024" "Y" 0.02 -0.53625 0.46375 0 1 8000 1 5 0.768409665060492 5 1000 13462 5
"1025" "Y" 0.02 -0.61875 0.2575 0 1 8000 1 5 1.35673555887835 5 1000 13507 5
"1026" "Y" 0.02 -0.78375 1 0 1 8000 1 5 0 5 1000 13625 5
"1027" "Y" 0.02 -0.825 0.13375 0 1 8000 1 5 2.01178289320602 5 1000 13629 5
"1028" "Y" 0.002 -0.53625 1 0 1 8000 1 5 0 5 1000 12850 5
"1029" "Y" 0.002 -0.99 0.9175 0 1 8000 1 5 0.0861026990534116 5 1000 13123 5
"1030" "Y" 0.002 -0.4125 0.4225 0 1 8000 1 5 0.861565832184908 5 1000 12761 5
"1031" "Y" 0.02 -0.86625 0.46375 0 1 8000 1 5 0.768409665060492 5 1000 13662 5
"1032" "Y" 0.02 -0.61875 0.0925 0 1 8000 1 5 2.38054663446376 5 1000 13503 5
"1033" "Y" 0.002 0 0.54625 0 1 8000 1 5 0.604678532572337 5 1000 12514 5
"1034" "Y" 0.002 0 0.505 0 1 8000 1 5 0.683196849706777 5 1000 12513 5
"1035" "Y" 0.002 -0.12375 1 0 1 8000 1 5 0 5 1000 12600 5
"1036" "Y" 0.02 -0.20625 0.13375 0 1 8000 1 5 2.01178289320602 5 1000 13254 5
"1037" "Y" 0.002 -0.20625 0.71125 0 1 8000 1 5 0.340731293541596 5 1000 12643 5
"1038" "Y" 0.02 -0.61875 0.4225 0 1 8000 1 5 0.861565832184908 5 1000 13511 5
"1039" "Y" 0.002 -0.04125 0.13375 0 1 8000 1 5 2.01178289320602 5 1000 12529 5
"1040" "Y" 0.02 -0.4125 0.9175 0 1 8000 1 5 0.0861026990534116 5 1000 13398 5
"1041" "Y" 0.002 0 0.13375 0 1 8000 1 5 2.01178289320602 5 1000 12504 5
"1042" "Y" 0.02 -0.99 0.2575 0 1 8000 1 5 1.35673555887835 5 1000 13732 5
"1043" "Y" 0.002 -0.53625 0.21625 0 1 8000 1 5 1.53132013317015 5 1000 12831 5
"1044" "Y" 0.002 -0.12375 0.505 0 1 8000 1 5 0.683196849706777 5 1000 12588 5
"1045" "Y" 0.02 -0.70125 0.4225 0 1 8000 1 5 0.861565832184908 5 1000 13561 5
"1046" "Y" 0.002 -0.20625 1 0 1 8000 1 5 0 5 1000 12650 5
"1047" "Y" 0.002 -0.0825 1 0 1 8000 1 5 0 5 1000 12575 5
"1048" "Y" 0.02 -0.0825 0.5875 0 1 8000 1 5 0.531879032963823 5 1000 13190 5
"1049" "Y" 0.02 -0.53625 0.4225 0 1 8000 1 5 0.861565832184908 5 1000 13461 5
"1050" "Y" 0.02 -0.825 0.71125 0 1 8000 1 5 0.340731293541596 5 1000 13643 5
"1051" "Y" 0.002 -0.66 0.95875 0 1 8000 1 5 0.042124926300671 5 1000 12924 5
"1052" "Y" 0.02 -0.9075 0.7525 0 1 8000 1 5 0.284354282359106 5 1000 13694 5
"1053" "Y" 0.02 -0.165 0.46375 0 1 8000 1 5 0.768409665060492 5 1000 13237 5
"1054" "Y" 0.002 -0.86625 0.0925 0 1 8000 1 5 2.38054663446376 5 1000 13028 5
"1055" "Y" 0.002 -0.45375 0.62875 0 1 8000 1 5 0.464021557568188 5 1000 12791 5
"1056" "Y" 0.002 -0.70125 0.05125 0 1 8000 1 5 2.97103966096362 5 1000 12927 5
"1057" "Y" 0.002 -0.45375 0.67 0 1 8000 1 5 0.400477566597125 5 1000 12792 5
"1058" "Y" 0.002 0 0.95875 0 1 8000 1 5 0.042124926300671 5 1000 12524 5
"1059" "Y" 0.002 -0.28875 0.62875 0 1 8000 1 5 0.464021557568188 5 1000 12691 5
"1060" "Y" 0.002 -0.4125 0.7525 0 1 8000 1 5 0.284354282359106 5 1000 12769 5
"1061" "Y" 0.02 -0.45375 0.0925 0 1 8000 1 5 2.38054663446376 5 1000 13403 5
"1062" "Y" 0.002 -0.86625 0.38125 0 1 8000 1 5 0.964299951060516 5 1000 13035 5
"1063" "Y" 0.02 -0.04125 0.62875 0 1 8000 1 5 0.464021557568188 5 1000 13166 5
"1064" "Y" 0.02 -0.94875 0.835 0 1 8000 1 5 0.180323554131281 5 1000 13721 5
"1065" "Y" 0.002 -0.61875 0.71125 0 1 8000 1 5 0.340731293541596 5 1000 12893 5
"1066" "Y" 0.02 -0.78375 0.7525 0 1 8000 1 5 0.284354282359106 5 1000 13619 5
"1067" "Y" 0.002 -0.04125 0.9175 0 1 8000 1 5 0.0861026990534116 5 1000 12548 5
"1068" "Y" 0.002 -0.9075 0.79375 0 1 8000 1 5 0.230986728775236 5 1000 13070 5
"1069" "Y" 0.02 -0.495 0.29875 0 1 8000 1 5 1.20814817573642 5 1000 13433 5
"1070" "Y" 0.02 -0.9075 0.67 0 1 8000 1 5 0.400477566597125 5 1000 13692 5
"1071" "Y" 0.02 -0.0825 0.0925 0 1 8000 1 5 2.38054663446376 5 1000 13178 5
"1072" "Y" 0.002 -0.61875 0.01 0 1 8000 1 5 4.60517018598809 5 1000 12876 5
"1073" "Y" 0.02 -0.45375 0.05125 0 1 8000 1 5 2.97103966096362 5 1000 13402 5
"1074" "Y" 0.02 -0.37125 0.01 0 1 8000 1 5 4.60517018598809 5 1000 13351 5
"1075" "Y" 0.002 -0.94875 0.5875 0 1 8000 1 5 0.531879032963823 5 1000 13090 5
"1076" "Y" 0.002 -0.86625 0.79375 0 1 8000 1 5 0.230986728775236 5 1000 13045 5
"1077" "Y" 0.02 -0.86625 0.38125 0 1 8000 1 5 0.964299951060516 5 1000 13660 5
"1078" "Y" 0.02 -0.70125 0.835 0 1 8000 1 5 0.180323554131281 5 1000 13571 5
"1079" "Y" 0.002 -0.04125 0.34 0 1 8000 1 5 1.07880966137193 5 1000 12534 5
"1080" "Y" 0.002 -0.4125 0.38125 0 1 8000 1 5 0.964299951060516 5 1000 12760 5
"1081" "Y" 0.002 -0.45375 0.505 0 1 8000 1 5 0.683196849706777 5 1000 12788 5
"1082" "Y" 0.002 -0.0825 0.01 0 1 8000 1 5 4.60517018598809 5 1000 12551 5
"1083" "Y" 0.02 -0.70125 0.71125 0 1 8000 1 5 0.340731293541596 5 1000 13568 5
"1084" "Y" 0.02 -0.37125 0.05125 0 1 8000 1 5 2.97103966096362 5 1000 13352 5
"1085" "Y" 0.02 -0.78375 0.2575 0 1 8000 1 5 1.35673555887835 5 1000 13607 5
"1086" "Y" 0.02 -0.0825 0.62875 0 1 8000 1 5 0.464021557568188 5 1000 13191 5
"1087" "Y" 0.02 -0.5775 0.4225 0 1 8000 1 5 0.861565832184908 5 1000 13486 5
"1088" "Y" 0.02 -0.5775 0.2575 0 1 8000 1 5 1.35673555887835 5 1000 13482 5
"1089" "Y" 0.002 -0.70125 0.13375 0 1 8000 1 5 2.01178289320602 5 1000 12929 5
"1090" "Y" 0.002 -0.9075 0.7525 0 1 8000 1 5 0.284354282359106 5 1000 13069 5
"1091" "Y" 0.002 0 0.34 0 1 8000 1 5 1.07880966137193 5 1000 12509 5
"1092" "Y" 0.02 -0.4125 0.54625 0 1 8000 1 5 0.604678532572337 5 1000 13389 5
"1093" "Y" 0.002 -0.825 0.71125 0 1 8000 1 5 0.340731293541596 5 1000 13018 5
"1094" "Y" 0.002 -0.825 0.9175 0 1 8000 1 5 0.0861026990534116 5 1000 13023 5
"1095" "Y" 0.02 -0.94875 0.13375 0 1 8000 1 5 2.01178289320602 5 1000 13704 5
"1096" "Y" 0.002 -0.20625 0.46375 0 1 8000 1 5 0.768409665060492 5 1000 12637 5
"1097" "Y" 0.02 -0.2475 0.05125 0 1 8000 1 5 2.97103966096362 5 1000 13277 5
"1098" "Y" 0.002 -0.99 0.2575 0 1 8000 1 5 1.35673555887835 5 1000 13107 5
"1099" "Y" 0.02 -0.4125 1 0 1 8000 1 5 0 5 1000 13400 5
"1100" "Y" 0.002 -0.94875 1 0 1 8000 1 5 0 5 1000 13100 5
"1101" "Y" 0.02 -0.28875 0.95875 0 1 8000 1 5 0.042124926300671 5 1000 13324 5
"1102" "Y" 0.002 -0.53625 0.13375 0 1 8000 1 5 2.01178289320602 5 1000 12829 5
"1103" "Y" 0.02 -0.37125 0.9175 0 1 8000 1 5 0.0861026990534116 5 1000 13373 5
"1104" "Y" 0.02 -0.165 0.29875 0 1 8000 1 5 1.20814817573642 5 1000 13233 5
"1105" "Y" 0.02 -0.66 0.62875 0 1 8000 1 5 0.464021557568188 5 1000 13541 5
"1106" "Y" 0.02 -0.5775 0.7525 0 1 8000 1 5 0.284354282359106 5 1000 13494 5
"1107" "Y" 0.02 -0.28875 0.05125 0 1 8000 1 5 2.97103966096362 5 1000 13302 5
"1108" "Y" 0.002 -0.495 0.01 0 1 8000 1 5 4.60517018598809 5 1000 12801 5
"1109" "Y" 0.002 -0.70125 0.79375 0 1 8000 1 5 0.230986728775236 5 1000 12945 5
"1110" "Y" 0.002 -0.78375 0.4225 0 1 8000 1 5 0.861565832184908 5 1000 12986 5
"1111" "Y" 0.002 -0.20625 0.01 0 1 8000 1 5 4.60517018598809 5 1000 12626 5
"1112" "Y" 0.02 -0.4125 0.13375 0 1 8000 1 5 2.01178289320602 5 1000 13379 5
"1113" "Y" 0.02 -0.28875 0.79375 0 1 8000 1 5 0.230986728775236 5 1000 13320 5
"1114" "Y" 0.02 -0.61875 0.95875 0 1 8000 1 5 0.042124926300671 5 1000 13524 5
"1115" "Y" 0.002 0 0.21625 0 1 8000 1 5 1.53132013317015 5 1000 12506 5
"1116" "Y" 0.002 -0.165 0.175 0 1 8000 1 5 1.74296930505862 5 1000 12605 5
"1117" "Y" 0.002 -0.94875 0.13375 0 1 8000 1 5 2.01178289320602 5 1000 13079 5
"1118" "Y" 0.002 -0.99 0.21625 0 1 8000 1 5 1.53132013317015 5 1000 13106 5
"1119" "Y" 0.02 -0.12375 0.01 0 1 8000 1 5 4.60517018598809 5 1000 13201 5
"1120" "Y" 0.002 -0.0825 0.175 0 1 8000 1 5 1.74296930505862 5 1000 12555 5
"1121" "Y" 0.02 -0.99 0.9175 0 1 8000 1 5 0.0861026990534116 5 1000 13748 5
"1122" "Y" 0.02 -0.37125 0.2575 0 1 8000 1 5 1.35673555887835 5 1000 13357 5
"1123" "Y" 0.02 -0.28875 0.34 0 1 8000 1 5 1.07880966137193 5 1000 13309 5
"1124" "Y" 0.02 -0.99 0.01 0 1 8000 1 5 4.60517018598809 5 1000 13726 5
"1125" "Y" 0.002 -0.4125 0.5875 0 1 8000 1 5 0.531879032963823 5 1000 12765 5
"1126" "Y" 0.002 -0.04125 0.46375 0 1 8000 1 5 0.768409665060492 5 1000 12537 5
"1127" "Y" 0.002 -0.28875 0.95875 0 1 8000 1 5 0.042124926300671 5 1000 12699 5
"1128" "Y" 0.002 -0.825 0.67 0 1 8000 1 5 0.400477566597125 5 1000 13017 5
"1129" "Y" 0.002 -0.99 0.505 0 1 8000 1 5 0.683196849706777 5 1000 13113 5
"1130" "Y" 0.002 -0.45375 0.38125 0 1 8000 1 5 0.964299951060516 5 1000 12785 5
"1131" "Y" 0.002 -0.37125 0.5875 0 1 8000 1 5 0.531879032963823 5 1000 12740 5
"1132" "Y" 0.02 -0.7425 0.05125 0 1 8000 1 5 2.97103966096362 5 1000 13577 5
"1133" "Y" 0.02 -0.165 0.7525 0 1 8000 1 5 0.284354282359106 5 1000 13244 5
"1134" "Y" 0.02 -0.45375 0.71125 0 1 8000 1 5 0.340731293541596 5 1000 13418 5
"1135" "Y" 0.002 -0.495 0.62875 0 1 8000 1 5 0.464021557568188 5 1000 12816 5
"1136" "Y" 0.02 -0.53625 0.29875 0 1 8000 1 5 1.20814817573642 5 1000 13458 5
"1137" "Y" 0.02 -0.20625 0.7525 0 1 8000 1 5 0.284354282359106 5 1000 13269 5
"1138" "Y" 0.02 -0.9075 0.95875 0 1 8000 1 5 0.042124926300671 5 1000 13699 5
"1139" "Y" 0.002 -0.20625 0.4225 0 1 8000 1 5 0.861565832184908 5 1000 12636 5
"1140" "Y" 0.02 -0.33 0.46375 0 1 8000 1 5 0.768409665060492 5 1000 13337 5
"1141" "Y" 0.002 -0.4125 0.34 0 1 8000 1 5 1.07880966137193 5 1000 12759 5
"1142" "Y" 0.002 -0.20625 0.38125 0 1 8000 1 5 0.964299951060516 5 1000 12635 5
"1143" "Y" 0.002 -0.7425 0.4225 0 1 8000 1 5 0.861565832184908 5 1000 12961 5
"1144" "Y" 0.002 -0.12375 0.21625 0 1 8000 1 5 1.53132013317015 5 1000 12581 5
"1145" "Y" 0.02 -0.53625 0.38125 0 1 8000 1 5 0.964299951060516 5 1000 13460 5
"1146" "Y" 0.002 -0.20625 0.29875 0 1 8000 1 5 1.20814817573642 5 1000 12633 5
"1147" "Y" 0.002 -0.94875 0.01 0 1 8000 1 5 4.60517018598809 5 1000 13076 5
"1148" "Y" 0.002 -0.12375 0.67 0 1 8000 1 5 0.400477566597125 5 1000 12592 5
"1149" "Y" 0.02 -0.7425 0.71125 0 1 8000 1 5 0.340731293541596 5 1000 13593 5
"1150" "Y" 0.02 -0.165 0.4225 0 1 8000 1 5 0.861565832184908 5 1000 13236 5
"1151" "Y" 0.02 -0.45375 0.9175 0 1 8000 1 5 0.0861026990534116 5 1000 13423 5
"1152" "Y" 0.002 -0.37125 0.2575 0 1 8000 1 5 1.35673555887835 5 1000 12732 5
"1153" "Y" 0.02 -0.33 0.0925 0 1 8000 1 5 2.38054663446376 5 1000 13328 5
"1154" "Y" 0.002 -0.9075 0.29875 0 1 8000 1 5 1.20814817573642 5 1000 13058 5
"1155" "Y" 0.002 -0.9075 0.38125 0 1 8000 1 5 0.964299951060516 5 1000 13060 5
"1156" "Y" 0.002 -0.7425 0.05125 0 1 8000 1 5 2.97103966096362 5 1000 12952 5
"1157" "Y" 0.002 -0.66 0.13375 0 1 8000 1 5 2.01178289320602 5 1000 12904 5
"1158" "Y" 0.002 -0.70125 0.29875 0 1 8000 1 5 1.20814817573642 5 1000 12933 5
"1159" "Y" 0.002 -0.04125 0.38125 0 1 8000 1 5 0.964299951060516 5 1000 12535 5
"1160" "Y" 0.002 -0.20625 0.7525 0 1 8000 1 5 0.284354282359106 5 1000 12644 5
"1161" "Y" 0.002 -0.86625 0.62875 0 1 8000 1 5 0.464021557568188 5 1000 13041 5
"1162" "Y" 0.02 -0.70125 0.95875 0 1 8000 1 5 0.042124926300671 5 1000 13574 5
"1163" "Y" 0.002 -0.33 1 0 1 8000 1 5 0 5 1000 12725 5
"1164" "Y" 0.02 -0.86625 0.9175 0 1 8000 1 5 0.0861026990534116 5 1000 13673 5
"1165" "Y" 0.002 -0.28875 0.505 0 1 8000 1 5 0.683196849706777 5 1000 12688 5
"1166" "Y" 0.002 -0.9075 0.67 0 1 8000 1 5 0.400477566597125 5 1000 13067 5
"1167" "Y" 0.002 -0.78375 0.62875 0 1 8000 1 5 0.464021557568188 5 1000 12991 5
"1168" "Y" 0.02 -0.9075 0.05125 0 1 8000 1 5 2.97103966096362 5 1000 13677 5
"1169" "Y" 0.02 -0.4125 0.21625 0 1 8000 1 5 1.53132013317015 5 1000 13381 5
"1170" "Y" 0.002 -0.4125 0.29875 0 1 8000 1 5 1.20814817573642 5 1000 12758 5
"1171" "Y" 0.002 -0.2475 0.21625 0 1 8000 1 5 1.53132013317015 5 1000 12656 5
"1172" "Y" 0.002 -0.0825 0.505 0 1 8000 1 5 0.683196849706777 5 1000 12563 5
"1173" "Y" 0.02 -0.45375 0.5875 0 1 8000 1 5 0.531879032963823 5 1000 13415 5
"1174" "Y" 0.02 -0.0825 0.38125 0 1 8000 1 5 0.964299951060516 5 1000 13185 5
"1175" "Y" 0.02 -0.0825 0.4225 0 1 8000 1 5 0.861565832184908 5 1000 13186 5
"1176" "Y" 0.02 -0.2475 0.835 0 1 8000 1 5 0.180323554131281 5 1000 13296 5
"1177" "Y" 0.002 -0.495 1 0 1 8000 1 5 0 5 1000 12825 5
"1178" "Y" 0.02 -0.20625 0.175 0 1 8000 1 5 1.74296930505862 5 1000 13255 5
"1179" "Y" 0.002 -0.04125 0.01 0 1 8000 1 5 4.60517018598809 5 1000 12526 5
"1180" "Y" 0.02 -0.495 0.67 0 1 8000 1 5 0.400477566597125 5 1000 13442 5
"1181" "Y" 0.02 -0.0825 0.01 0 1 8000 1 5 4.60517018598809 5 1000 13176 5
"1182" "Y" 0.02 -0.7425 0.0925 0 1 8000 1 5 2.38054663446376 5 1000 13578 5
"1183" "Y" 0.02 -0.04125 0.2575 0 1 8000 1 5 1.35673555887835 5 1000 13157 5
"1184" "Y" 0.02 -0.61875 0.505 0 1 8000 1 5 0.683196849706777 5 1000 13513 5
"1185" "Y" 0.02 -0.45375 0.29875 0 1 8000 1 5 1.20814817573642 5 1000 13408 5
"1186" "Y" 0.02 -0.33 0.4225 0 1 8000 1 5 0.861565832184908 5 1000 13336 5
"1187" "Y" 0.002 -0.28875 0.38125 0 1 8000 1 5 0.964299951060516 5 1000 12685 5
"1188" "Y" 0.02 -0.28875 0.67 0 1 8000 1 5 0.400477566597125 5 1000 13317 5
"1189" "Y" 0.02 -0.78375 0.21625 0 1 8000 1 5 1.53132013317015 5 1000 13606 5
"1190" "Y" 0.02 -0.45375 0.87625 0 1 8000 1 5 0.132103840633337 5 1000 13422 5
"1191" "Y" 0.02 -0.86625 0.87625 0 1 8000 1 5 0.132103840633337 5 1000 13672 5
"1192" "Y" 0.002 0 0.05125 0 1 8000 1 5 2.97103966096362 5 1000 12502 5
"1193" "Y" 0.02 -0.4125 0.29875 0 1 8000 1 5 1.20814817573642 5 1000 13383 5
"1194" "Y" 0.02 -0.99 1 0 1 8000 1 5 0 5 1000 13750 5
"1195" "Y" 0.02 -0.33 0.13375 0 1 8000 1 5 2.01178289320602 5 1000 13329 5
"1196" "Y" 0.002 -0.86625 0.835 0 1 8000 1 5 0.180323554131281 5 1000 13046 5
"1197" "Y" 0.02 -0.2475 1 0 1 8000 1 5 0 5 1000 13300 5
"1198" "Y" 0.002 -0.5775 0.71125 0 1 8000 1 5 0.340731293541596 5 1000 12868 5
"1199" "Y" 0.02 0 0.01 0 1 8000 1 5 4.60517018598809 5 1000 13126 5
"1200" "Y" 0.002 -0.99 0.5875 0 1 8000 1 5 0.531879032963823 5 1000 13115 5
"1201" "Y" 0.02 -0.20625 0.5875 0 1 8000 1 5 0.531879032963823 5 1000 13265 5
"1202" "Y" 0.02 -0.825 0.9175 0 1 8000 1 5 0.0861026990534116 5 1000 13648 5
"1203" "Y" 0.002 -0.61875 0.21625 0 1 8000 1 5 1.53132013317015 5 1000 12881 5
"1204" "Y" 0.002 -0.04125 0.175 0 1 8000 1 5 1.74296930505862 5 1000 12530 5
"1205" "Y" 0.02 -0.165 0.5875 0 1 8000 1 5 0.531879032963823 5 1000 13240 5
"1206" "Y" 0.02 -0.825 0.21625 0 1 8000 1 5 1.53132013317015 5 1000 13631 5
"1207" "Y" 0.002 -0.5775 0.0925 0 1 8000 1 5 2.38054663446376 5 1000 12853 5
"1208" "Y" 0.002 -0.66 0.175 0 1 8000 1 5 1.74296930505862 5 1000 12905 5
"1209" "Y" 0.02 -0.53625 1 0 1 8000 1 5 0 5 1000 13475 5
"1210" "Y" 0.002 -0.2475 0.01 0 1 8000 1 5 4.60517018598809 5 1000 12651 5
"1211" "Y" 0.002 -0.53625 0.175 0 1 8000 1 5 1.74296930505862 5 1000 12830 5
"1212" "Y" 0.002 -0.04125 0.67 0 1 8000 1 5 0.400477566597125 5 1000 12542 5
"1213" "Y" 0.002 -0.70125 0.5875 0 1 8000 1 5 0.531879032963823 5 1000 12940 5
"1214" "Y" 0.002 -0.86625 0.7525 0 1 8000 1 5 0.284354282359106 5 1000 13044 5
"1215" "Y" 0.02 -0.94875 0.01 0 1 8000 1 5 4.60517018598809 5 1000 13701 5
"1216" "Y" 0.02 -0.9075 0.835 0 1 8000 1 5 0.180323554131281 5 1000 13696 5
"1217" "Y" 0.02 -0.37125 0.505 0 1 8000 1 5 0.683196849706777 5 1000 13363 5
"1218" "Y" 0.002 -0.94875 0.835 0 1 8000 1 5 0.180323554131281 5 1000 13096 5
"1219" "Y" 0.02 -0.12375 0.05125 0 1 8000 1 5 2.97103966096362 5 1000 13202 5
"1220" "Y" 0.02 0 0.21625 0 1 8000 1 5 1.53132013317015 5 1000 13131 5
"1221" "Y" 0.002 -0.28875 0.13375 0 1 8000 1 5 2.01178289320602 5 1000 12679 5
"1222" "Y" 0.02 -0.20625 0.2575 0 1 8000 1 5 1.35673555887835 5 1000 13257 5
"1223" "Y" 0.002 -0.7425 0.71125 0 1 8000 1 5 0.340731293541596 5 1000 12968 5
"1224" "Y" 0.002 -0.37125 0.7525 0 1 8000 1 5 0.284354282359106 5 1000 12744 5
"1225" "Y" 0.002 -0.20625 0.67 0 1 8000 1 5 0.400477566597125 5 1000 12642 5
"1226" "Y" 0.002 -0.78375 0.87625 0 1 8000 1 5 0.132103840633337 5 1000 12997 5
"1227" "Y" 0.002 -0.2475 0.87625 0 1 8000 1 5 0.132103840633337 5 1000 12672 5
"1228" "Y" 0.002 -0.66 0.67 0 1 8000 1 5 0.400477566597125 5 1000 12917 5
"1229" "Y" 0.02 -0.99 0.5875 0 1 8000 1 5 0.531879032963823 5 1000 13740 5
"1230" "Y" 0.002 -0.99 0.67 0 1 8000 1 5 0.400477566597125 5 1000 13117 5
"1231" "Y" 0.002 -0.12375 0.46375 0 1 8000 1 5 0.768409665060492 5 1000 12587 5
"1232" "Y" 0.02 -0.165 0.54625 0 1 8000 1 5 0.604678532572337 5 1000 13239 5
"1233" "Y" 0.02 -0.5775 0.38125 0 1 8000 1 5 0.964299951060516 5 1000 13485 5
"1234" "Y" 0.002 -0.165 0.4225 0 1 8000 1 5 0.861565832184908 5 1000 12611 5
"1235" "Y" 0.002 -0.33 0.67 0 1 8000 1 5 0.400477566597125 5 1000 12717 5
"1236" "Y" 0.002 -0.61875 0.2575 0 1 8000 1 5 1.35673555887835 5 1000 12882 5
"1237" "Y" 0.002 -0.4125 0.01 0 1 8000 1 5 4.60517018598809 5 1000 12751 5
"1238" "Y" 0.02 -0.04125 0.54625 0 1 8000 1 5 0.604678532572337 5 1000 13164 5
"1239" "Y" 0.002 -0.33 0.71125 0 1 8000 1 5 0.340731293541596 5 1000 12718 5
"1240" "Y" 0.002 -0.78375 1 0 1 8000 1 5 0 5 1000 13000 5
"1241" "Y" 0.002 -0.20625 0.54625 0 1 8000 1 5 0.604678532572337 5 1000 12639 5
"1242" "Y" 0.002 -0.78375 0.67 0 1 8000 1 5 0.400477566597125 5 1000 12992 5
"1243" "Y" 0.002 -0.7425 0.38125 0 1 8000 1 5 0.964299951060516 5 1000 12960 5
"1244" "Y" 0.002 -0.0825 0.54625 0 1 8000 1 5 0.604678532572337 5 1000 12564 5
"1245" "Y" 0.002 -0.0825 0.71125 0 1 8000 1 5 0.340731293541596 5 1000 12568 5
"1246" "Y" 0.002 -0.70125 0.9175 0 1 8000 1 5 0.0861026990534116 5 1000 12948 5
"1247" "Y" 0.002 -0.61875 0.4225 0 1 8000 1 5 0.861565832184908 5 1000 12886 5
"1248" "Y" 0.02 -0.61875 0.34 0 1 8000 1 5 1.07880966137193 5 1000 13509 5
"1249" "Y" 0.002 -0.825 0.13375 0 1 8000 1 5 2.01178289320602 5 1000 13004 5
"1250" "Y" 0.02 -0.37125 0.835 0 1 8000 1 5 0.180323554131281 5 1000 13371 5
