"chromosome" "v" "D" "refractory_period_prop_cohort_alive" "sex_expressed" "dominance" "Starting_pop_size" "baseline_mean_lifespan" "f" "refractory_period" "mutation_time" "time_end" "parameter_space_ID" "mutation_events"
"1" "X" 0.06 -0.5775 0 1 0 2666.66666666667 1 5 Inf 5 1000 458 5
"2" "X" 0.006 -0.12375 0 1 0.5 2666.66666666667 1 5 Inf 5 1000 315 5
"3" "X" 0.06 -0.20625 0 1 0 2666.66666666667 1 5 Inf 5 1000 422 5
"4" "X" 0.06 -0.86625 0 1 1 2666.66666666667 1 5 Inf 5 1000 488 5
"5" "X" 0.06 -0.53625 0 0 1 2666.66666666667 1 5 Inf 5 1000 453 5
"6" "X" 0.006 -0.0825 0 1 0.5 2666.66666666667 1 5 Inf 5 1000 311 5
"7" "X" 0.006 -0.495 0 1 1 2666.66666666667 1 5 Inf 5 1000 352 5
"8" "X" 0.006 -0.61875 0 1 1 2666.66666666667 1 5 Inf 5 1000 364 5
"9" "X" 0.006 -0.28875 0 1 0.5 2666.66666666667 1 5 Inf 5 1000 331 5
"10" "X" 0.006 -0.33 0 1 0 2666.66666666667 1 5 Inf 5 1000 334 5
"11" "X" 0.006 -0.37125 0 0 1 2666.66666666667 1 5 Inf 5 1000 337 5
"12" "X" 0.06 -0.61875 0 1 0.5 2666.66666666667 1 5 Inf 5 1000 463 5
"13" "X" 0.06 -0.70125 0 1 0.5 2666.66666666667 1 5 Inf 5 1000 471 5
"14" "X" 0.06 -0.86625 0 1 0.5 2666.66666666667 1 5 Inf 5 1000 487 5
"15" "X" 0.006 -0.2475 0 1 0.5 2666.66666666667 1 5 Inf 5 1000 327 5
"16" "X" 0.006 -0.94875 0 0 1 2666.66666666667 1 5 Inf 5 1000 393 5
"17" "X" 0.06 -0.33 0 1 0.5 2666.66666666667 1 5 Inf 5 1000 435 5
"18" "X" 0.06 -0.4125 0 0 1 2666.66666666667 1 5 Inf 5 1000 441 5
"19" "X" 0.06 -0.2475 0 1 0.5 2666.66666666667 1 5 Inf 5 1000 427 5
"20" "X" 0.006 -0.70125 0 1 1 2666.66666666667 1 5 Inf 5 1000 372 5
"21" "X" 0.06 -0.61875 0 1 1 2666.66666666667 1 5 Inf 5 1000 464 5
"22" "X" 0.06 -0.99 0 1 1 2666.66666666667 1 5 Inf 5 1000 500 5
"23" "X" 0.06 -0.86625 0 1 0 2666.66666666667 1 5 Inf 5 1000 486 5
"24" "X" 0.06 -0.9075 0 0 1 2666.66666666667 1 5 Inf 5 1000 489 5
"25" "X" 0.006 -0.0825 0 1 0 2666.66666666667 1 5 Inf 5 1000 310 5
"26" "X" 0.006 -0.37125 0 1 1 2666.66666666667 1 5 Inf 5 1000 340 5
"27" "X" 0.06 -0.86625 0 0 1 2666.66666666667 1 5 Inf 5 1000 485 5
"28" "X" 0.006 -0.45375 0 1 0.5 2666.66666666667 1 5 Inf 5 1000 347 5
"29" "X" 0.006 -0.86625 0 1 0.5 2666.66666666667 1 5 Inf 5 1000 387 5
"30" "X" 0.006 -0.04125 0 1 0 2666.66666666667 1 5 Inf 5 1000 306 5
"31" "X" 0.006 -0.28875 0 1 1 2666.66666666667 1 5 Inf 5 1000 332 5
"32" "X" 0.06 -0.04125 0 1 0.5 2666.66666666667 1 5 Inf 5 1000 407 5
"33" "X" 0.006 -0.04125 0 0 1 2666.66666666667 1 5 Inf 5 1000 305 5
"34" "X" 0.06 -0.94875 0 1 0.5 2666.66666666667 1 5 Inf 5 1000 495 5
"35" "X" 0.06 -0.495 0 0 1 2666.66666666667 1 5 Inf 5 1000 449 5
"36" "X" 0.006 -0.66 0 0 1 2666.66666666667 1 5 Inf 5 1000 365 5
"37" "X" 0.06 -0.165 0 0 1 2666.66666666667 1 5 Inf 5 1000 417 5
"38" "X" 0.06 -0.0825 0 0 1 2666.66666666667 1 5 Inf 5 1000 409 5
"39" "X" 0.06 -0.28875 0 1 1 2666.66666666667 1 5 Inf 5 1000 432 5
"40" "X" 0.006 -0.7425 0 0 1 2666.66666666667 1 5 Inf 5 1000 373 5
"41" "X" 0.06 -0.37125 0 1 1 2666.66666666667 1 5 Inf 5 1000 440 5
"42" "X" 0.006 -0.70125 0 1 0.5 2666.66666666667 1 5 Inf 5 1000 371 5
"43" "X" 0.006 -0.53625 0 1 0.5 2666.66666666667 1 5 Inf 5 1000 355 5
"44" "X" 0.006 -0.28875 0 0 1 2666.66666666667 1 5 Inf 5 1000 329 5
"45" "X" 0.006 -0.825 0 0 1 2666.66666666667 1 5 Inf 5 1000 381 5
"46" "X" 0.06 -0.2475 0 1 1 2666.66666666667 1 5 Inf 5 1000 428 5
"47" "X" 0.06 -0.4125 0 1 0 2666.66666666667 1 5 Inf 5 1000 442 5
"48" "X" 0.06 -0.66 0 1 0 2666.66666666667 1 5 Inf 5 1000 466 5
"49" "X" 0.006 -0.12375 0 0 1 2666.66666666667 1 5 Inf 5 1000 313 5
"50" "X" 0.006 -0.4125 0 1 1 2666.66666666667 1 5 Inf 5 1000 344 5
"51" "X" 0.06 -0.7425 0 0 1 2666.66666666667 1 5 Inf 5 1000 473 5
"52" "X" 0.06 -0.28875 0 1 0.5 2666.66666666667 1 5 Inf 5 1000 431 5
"53" "X" 0.006 -0.7425 0 1 0 2666.66666666667 1 5 Inf 5 1000 374 5
"54" "X" 0.006 -0.825 0 1 0 2666.66666666667 1 5 Inf 5 1000 382 5
"55" "X" 0.006 -0.99 0 1 1 2666.66666666667 1 5 Inf 5 1000 400 5
"56" "X" 0.006 -0.53625 0 1 0 2666.66666666667 1 5 Inf 5 1000 354 5
"57" "X" 0.006 -0.20625 0 1 0.5 2666.66666666667 1 5 Inf 5 1000 323 5
"58" "X" 0.06 -0.2475 0 0 1 2666.66666666667 1 5 Inf 5 1000 425 5
"59" "X" 0.006 -0.66 0 1 0.5 2666.66666666667 1 5 Inf 5 1000 367 5
"60" "X" 0.006 0 0 0 1 2666.66666666667 1 5 Inf 5 1000 301 5
"61" "X" 0.06 -0.78375 0 0 1 2666.66666666667 1 5 Inf 5 1000 477 5
"62" "X" 0.006 -0.86625 0 1 0 2666.66666666667 1 5 Inf 5 1000 386 5
"63" "X" 0.06 -0.165 0 1 0.5 2666.66666666667 1 5 Inf 5 1000 419 5
"64" "X" 0.06 -0.165 0 1 0 2666.66666666667 1 5 Inf 5 1000 418 5
"65" "X" 0.06 -0.33 0 1 1 2666.66666666667 1 5 Inf 5 1000 436 5
"66" "X" 0.06 -0.99 0 0 1 2666.66666666667 1 5 Inf 5 1000 497 5
"67" "X" 0.06 -0.66 0 1 1 2666.66666666667 1 5 Inf 5 1000 468 5
"68" "X" 0.006 -0.61875 0 1 0.5 2666.66666666667 1 5 Inf 5 1000 363 5
"69" "X" 0.06 -0.28875 0 1 0 2666.66666666667 1 5 Inf 5 1000 430 5
"70" "X" 0.006 -0.99 0 1 0 2666.66666666667 1 5 Inf 5 1000 398 5
"71" "X" 0.006 -0.37125 0 1 0 2666.66666666667 1 5 Inf 5 1000 338 5
"72" "X" 0.06 -0.37125 0 1 0 2666.66666666667 1 5 Inf 5 1000 438 5
"73" "X" 0.006 -0.78375 0 1 0.5 2666.66666666667 1 5 Inf 5 1000 379 5
"74" "X" 0.006 -0.78375 0 1 0 2666.66666666667 1 5 Inf 5 1000 378 5
"75" "X" 0.006 -0.12375 0 1 1 2666.66666666667 1 5 Inf 5 1000 316 5
"76" "X" 0.06 -0.12375 0 1 0 2666.66666666667 1 5 Inf 5 1000 414 5
"77" "X" 0.006 -0.70125 0 1 0 2666.66666666667 1 5 Inf 5 1000 370 5
"78" "X" 0.006 -0.66 0 1 1 2666.66666666667 1 5 Inf 5 1000 368 5
"79" "X" 0.06 -0.9075 0 1 0.5 2666.66666666667 1 5 Inf 5 1000 491 5
"80" "X" 0.006 -0.165 0 1 1 2666.66666666667 1 5 Inf 5 1000 320 5
"81" "X" 0.06 -0.20625 0 0 1 2666.66666666667 1 5 Inf 5 1000 421 5
"82" "X" 0.06 -0.94875 0 1 1 2666.66666666667 1 5 Inf 5 1000 496 5
"83" "X" 0.06 0 0 1 1 2666.66666666667 1 5 Inf 5 1000 404 5
"84" "X" 0.006 -0.9075 0 1 1 2666.66666666667 1 5 Inf 5 1000 392 5
"85" "X" 0.006 -0.04125 0 1 1 2666.66666666667 1 5 Inf 5 1000 308 5
"86" "X" 0.06 -0.9075 0 1 1 2666.66666666667 1 5 Inf 5 1000 492 5
"87" "X" 0.006 -0.78375 0 0 1 2666.66666666667 1 5 Inf 5 1000 377 5
"88" "X" 0.006 -0.33 0 0 1 2666.66666666667 1 5 Inf 5 1000 333 5
"89" "X" 0.006 -0.165 0 0 1 2666.66666666667 1 5 Inf 5 1000 317 5
"90" "X" 0.06 -0.94875 0 0 1 2666.66666666667 1 5 Inf 5 1000 493 5
"91" "X" 0.06 -0.0825 0 1 1 2666.66666666667 1 5 Inf 5 1000 412 5
"92" "X" 0.006 -0.4125 0 1 0.5 2666.66666666667 1 5 Inf 5 1000 343 5
"93" "X" 0.006 -0.66 0 1 0 2666.66666666667 1 5 Inf 5 1000 366 5
"94" "X" 0.006 -0.70125 0 0 1 2666.66666666667 1 5 Inf 5 1000 369 5
"95" "X" 0.006 -0.61875 0 0 1 2666.66666666667 1 5 Inf 5 1000 361 5
"96" "X" 0.06 -0.20625 0 1 0.5 2666.66666666667 1 5 Inf 5 1000 423 5
"97" "X" 0.06 -0.5775 0 1 0.5 2666.66666666667 1 5 Inf 5 1000 459 5
"98" "X" 0.006 -0.53625 0 1 1 2666.66666666667 1 5 Inf 5 1000 356 5
"99" "X" 0.06 -0.28875 0 0 1 2666.66666666667 1 5 Inf 5 1000 429 5
"100" "X" 0.006 -0.20625 0 1 0 2666.66666666667 1 5 Inf 5 1000 322 5
"101" "X" 0.006 -0.94875 0 1 0 2666.66666666667 1 5 Inf 5 1000 394 5
"102" "X" 0.06 -0.94875 0 1 0 2666.66666666667 1 5 Inf 5 1000 494 5
"103" "X" 0.006 -0.04125 0 1 0.5 2666.66666666667 1 5 Inf 5 1000 307 5
"104" "X" 0.006 -0.99 0 0 1 2666.66666666667 1 5 Inf 5 1000 397 5
"105" "X" 0.006 -0.9075 0 1 0 2666.66666666667 1 5 Inf 5 1000 390 5
"106" "X" 0.06 -0.2475 0 1 0 2666.66666666667 1 5 Inf 5 1000 426 5
"107" "X" 0.06 -0.70125 0 1 0 2666.66666666667 1 5 Inf 5 1000 470 5
"108" "X" 0.06 -0.825 0 1 0 2666.66666666667 1 5 Inf 5 1000 482 5
"109" "X" 0.006 -0.0825 0 0 1 2666.66666666667 1 5 Inf 5 1000 309 5
"110" "X" 0.006 -0.825 0 1 1 2666.66666666667 1 5 Inf 5 1000 384 5
"111" "X" 0.06 -0.70125 0 1 1 2666.66666666667 1 5 Inf 5 1000 472 5
"112" "X" 0.006 -0.94875 0 1 1 2666.66666666667 1 5 Inf 5 1000 396 5
"113" "X" 0.006 -0.165 0 1 0.5 2666.66666666667 1 5 Inf 5 1000 319 5
"114" "X" 0.06 -0.61875 0 0 1 2666.66666666667 1 5 Inf 5 1000 461 5
"115" "X" 0.06 -0.78375 0 1 0.5 2666.66666666667 1 5 Inf 5 1000 479 5
"116" "X" 0.06 -0.04125 0 0 1 2666.66666666667 1 5 Inf 5 1000 405 5
"117" "X" 0.06 0 0 1 0 2666.66666666667 1 5 Inf 5 1000 402 5
"118" "X" 0.06 -0.33 0 1 0 2666.66666666667 1 5 Inf 5 1000 434 5
"119" "X" 0.06 0 0 1 0.5 2666.66666666667 1 5 Inf 5 1000 403 5
"120" "X" 0.06 -0.45375 0 1 0.5 2666.66666666667 1 5 Inf 5 1000 447 5
"121" "X" 0.06 -0.04125 0 1 1 2666.66666666667 1 5 Inf 5 1000 408 5
"122" "X" 0.06 -0.04125 0 1 0 2666.66666666667 1 5 Inf 5 1000 406 5
"123" "X" 0.006 -0.86625 0 1 1 2666.66666666667 1 5 Inf 5 1000 388 5
"124" "X" 0.006 -0.20625 0 0 1 2666.66666666667 1 5 Inf 5 1000 321 5
"125" "X" 0.06 -0.78375 0 1 0 2666.66666666667 1 5 Inf 5 1000 478 5
"126" "X" 0.006 0 0 1 1 2666.66666666667 1 5 Inf 5 1000 304 5
"127" "X" 0.06 -0.37125 0 1 0.5 2666.66666666667 1 5 Inf 5 1000 439 5
"128" "X" 0.006 -0.5775 0 1 0.5 2666.66666666667 1 5 Inf 5 1000 359 5
"129" "X" 0.06 -0.61875 0 1 0 2666.66666666667 1 5 Inf 5 1000 462 5
"130" "X" 0.006 -0.4125 0 1 0 2666.66666666667 1 5 Inf 5 1000 342 5
"131" "X" 0.06 -0.45375 0 1 1 2666.66666666667 1 5 Inf 5 1000 448 5
"132" "X" 0.06 -0.4125 0 1 1 2666.66666666667 1 5 Inf 5 1000 444 5
"133" "X" 0.006 -0.45375 0 1 0 2666.66666666667 1 5 Inf 5 1000 346 5
"134" "X" 0.06 -0.495 0 1 0.5 2666.66666666667 1 5 Inf 5 1000 451 5
"135" "X" 0.006 -0.495 0 1 0.5 2666.66666666667 1 5 Inf 5 1000 351 5
"136" "X" 0.006 -0.5775 0 0 1 2666.66666666667 1 5 Inf 5 1000 357 5
"137" "X" 0.006 -0.53625 0 0 1 2666.66666666667 1 5 Inf 5 1000 353 5
"138" "X" 0.06 -0.33 0 0 1 2666.66666666667 1 5 Inf 5 1000 433 5
"139" "X" 0.06 -0.0825 0 1 0 2666.66666666667 1 5 Inf 5 1000 410 5
"140" "X" 0.006 -0.61875 0 1 0 2666.66666666667 1 5 Inf 5 1000 362 5
"141" "X" 0.06 -0.7425 0 1 1 2666.66666666667 1 5 Inf 5 1000 476 5
"142" "X" 0.006 -0.2475 0 0 1 2666.66666666667 1 5 Inf 5 1000 325 5
"143" "X" 0.006 -0.825 0 1 0.5 2666.66666666667 1 5 Inf 5 1000 383 5
"144" "X" 0.006 -0.9075 0 1 0.5 2666.66666666667 1 5 Inf 5 1000 391 5
"145" "X" 0.06 -0.66 0 1 0.5 2666.66666666667 1 5 Inf 5 1000 467 5
"146" "X" 0.06 -0.12375 0 0 1 2666.66666666667 1 5 Inf 5 1000 413 5
"147" "X" 0.006 -0.45375 0 1 1 2666.66666666667 1 5 Inf 5 1000 348 5
"148" "X" 0.006 -0.2475 0 1 1 2666.66666666667 1 5 Inf 5 1000 328 5
"149" "X" 0.06 -0.495 0 1 1 2666.66666666667 1 5 Inf 5 1000 452 5
"150" "X" 0.006 -0.7425 0 1 0.5 2666.66666666667 1 5 Inf 5 1000 375 5
"151" "X" 0.06 -0.53625 0 1 0.5 2666.66666666667 1 5 Inf 5 1000 455 5
"152" "X" 0.06 -0.165 0 1 1 2666.66666666667 1 5 Inf 5 1000 420 5
"153" "X" 0.06 -0.5775 0 0 1 2666.66666666667 1 5 Inf 5 1000 457 5
"154" "X" 0.06 -0.20625 0 1 1 2666.66666666667 1 5 Inf 5 1000 424 5
"155" "X" 0.06 0 0 0 1 2666.66666666667 1 5 Inf 5 1000 401 5
"156" "X" 0.06 -0.37125 0 0 1 2666.66666666667 1 5 Inf 5 1000 437 5
"157" "X" 0.006 -0.165 0 1 0 2666.66666666667 1 5 Inf 5 1000 318 5
"158" "X" 0.06 -0.825 0 0 1 2666.66666666667 1 5 Inf 5 1000 481 5
"159" "X" 0.006 -0.45375 0 0 1 2666.66666666667 1 5 Inf 5 1000 345 5
"160" "X" 0.06 -0.53625 0 1 0 2666.66666666667 1 5 Inf 5 1000 454 5
"161" "X" 0.006 -0.2475 0 1 0 2666.66666666667 1 5 Inf 5 1000 326 5
"162" "X" 0.006 -0.37125 0 1 0.5 2666.66666666667 1 5 Inf 5 1000 339 5
"163" "X" 0.006 0 0 1 0.5 2666.66666666667 1 5 Inf 5 1000 303 5
"164" "X" 0.06 -0.45375 0 0 1 2666.66666666667 1 5 Inf 5 1000 445 5
"165" "X" 0.06 -0.70125 0 0 1 2666.66666666667 1 5 Inf 5 1000 469 5
"166" "X" 0.06 -0.78375 0 1 1 2666.66666666667 1 5 Inf 5 1000 480 5
"167" "X" 0.06 -0.825 0 1 0.5 2666.66666666667 1 5 Inf 5 1000 483 5
"168" "X" 0.006 -0.33 0 1 0.5 2666.66666666667 1 5 Inf 5 1000 335 5
"169" "X" 0.06 -0.4125 0 1 0.5 2666.66666666667 1 5 Inf 5 1000 443 5
"170" "X" 0.006 -0.86625 0 0 1 2666.66666666667 1 5 Inf 5 1000 385 5
"171" "X" 0.006 0 0 1 0 2666.66666666667 1 5 Inf 5 1000 302 5
"172" "X" 0.006 -0.4125 0 0 1 2666.66666666667 1 5 Inf 5 1000 341 5
"173" "X" 0.006 -0.12375 0 1 0 2666.66666666667 1 5 Inf 5 1000 314 5
"174" "X" 0.006 -0.495 0 1 0 2666.66666666667 1 5 Inf 5 1000 350 5
"175" "X" 0.06 -0.825 0 1 1 2666.66666666667 1 5 Inf 5 1000 484 5
"176" "X" 0.06 -0.99 0 1 0 2666.66666666667 1 5 Inf 5 1000 498 5
"177" "X" 0.006 -0.99 0 1 0.5 2666.66666666667 1 5 Inf 5 1000 399 5
"178" "X" 0.06 -0.12375 0 1 1 2666.66666666667 1 5 Inf 5 1000 416 5
"179" "X" 0.006 -0.5775 0 1 1 2666.66666666667 1 5 Inf 5 1000 360 5
"180" "X" 0.006 -0.94875 0 1 0.5 2666.66666666667 1 5 Inf 5 1000 395 5
"181" "X" 0.06 -0.45375 0 1 0 2666.66666666667 1 5 Inf 5 1000 446 5
"182" "X" 0.06 -0.9075 0 1 0 2666.66666666667 1 5 Inf 5 1000 490 5
"183" "X" 0.06 -0.7425 0 1 0 2666.66666666667 1 5 Inf 5 1000 474 5
"184" "X" 0.06 -0.5775 0 1 1 2666.66666666667 1 5 Inf 5 1000 460 5
"185" "X" 0.06 -0.53625 0 1 1 2666.66666666667 1 5 Inf 5 1000 456 5
"186" "X" 0.06 -0.495 0 1 0 2666.66666666667 1 5 Inf 5 1000 450 5
"187" "X" 0.006 -0.28875 0 1 0 2666.66666666667 1 5 Inf 5 1000 330 5
"188" "X" 0.006 -0.5775 0 1 0 2666.66666666667 1 5 Inf 5 1000 358 5
"189" "X" 0.006 -0.33 0 1 1 2666.66666666667 1 5 Inf 5 1000 336 5
"190" "X" 0.06 -0.7425 0 1 0.5 2666.66666666667 1 5 Inf 5 1000 475 5
"191" "X" 0.06 -0.0825 0 1 0.5 2666.66666666667 1 5 Inf 5 1000 411 5
"192" "X" 0.06 -0.66 0 0 1 2666.66666666667 1 5 Inf 5 1000 465 5
"193" "X" 0.006 -0.9075 0 0 1 2666.66666666667 1 5 Inf 5 1000 389 5
"194" "X" 0.006 -0.78375 0 1 1 2666.66666666667 1 5 Inf 5 1000 380 5
"195" "X" 0.06 -0.12375 0 1 0.5 2666.66666666667 1 5 Inf 5 1000 415 5
"196" "X" 0.006 -0.20625 0 1 1 2666.66666666667 1 5 Inf 5 1000 324 5
"197" "X" 0.006 -0.495 0 0 1 2666.66666666667 1 5 Inf 5 1000 349 5
"198" "X" 0.006 -0.0825 0 1 1 2666.66666666667 1 5 Inf 5 1000 312 5
"199" "X" 0.06 -0.99 0 1 0.5 2666.66666666667 1 5 Inf 5 1000 499 5
"200" "X" 0.006 -0.7425 0 1 1 2666.66666666667 1 5 Inf 5 1000 376 5
